Predicted_Response
905935	2,96971121286667
949163	1,71837932286667
908467	1,86996378566667
909721	3,7209810849
924187	1,89144371033333
688023	1,3135513571
909704	1,8121997743
688087	1,99744565853333
908129	1,84152962133333
906801	2,00148547003333
909749	2,30969328583334
1240145	1,92477923623334
924151	2,89973773036667
687787	2,20780144603333
949177	1,32773634876667
910926	1,53711323453333
907047	0,799074793100001
1503361	1,9255005057
909716	1,55041890846667
1295740	1,0170927223
907058	1,85328248436667
906833	1,91361464316667
909776	2,74359521743334
907273	1,3187933445
907051	2,6658753506
907170	1,3445904657
910920	1,79488720423333
924104	2,29715604296667
925340	2,01117085933334
1240202	-0,775817677833333
1240219	3,5748488609
910691	1,7113677103
907272	0,908084883666667
906864	2,4087468037
687452	0,629209646833333
724879	2,0133192769
1303897	2,77097189066667
753592	1,98482911693334
946360	2,20972763566667
925343	3,19103151913333
905971	1,27524100496667
905977	2,68956491466666
905970	0,893127118233332
1298358	2,79292726133333
1298533	2,5739543705
908465	0,560607663866666
910687	1,4600300462
905961	2,08827676513333
907286	2,57068918543333
1330995	1,5426103448
906847	1,1755231776
909759	2,22607741176667
946357	1,48537264293333
924241	3,48837323156666
1327774	1,44020129033333
905941	3,68335519353334
998184	1,01970304703333
905936	1,4957269949
909750	2,20843537193333
1503367	2,36841924783333
924106	1,56508755536667
949093	3,66293933283332
1240173	2,09610216306667
909723	2,91655216173333
1299059	1,53440097436666
909777	0,899664678533332
906814	1,8600202723
1240216	2,42077973183333
908446	1,12887124016667
1240146	-1,06383142876666
724872	1,41415931946667
1298151	1,9950646752
1330985	1,1044890953
1660036	2,25954374703333
1240132	3,10390319273333
907794	1,48742930996667
1240131	3,34749050836667
908476	1,38916361333333
1240170	2,48518725786667
924239	1,5624427653
1503363	2,21004733096667
910942	1,69449210783334
1331037	0,5464547821
909719	2,79045669013333
908454	1,8046030536
905934	3,5418055299
1298169	1,9186425902
1660034	1,4583247398
1331039	1,5929543259
910947	1,5012562409
906794	1,4467689689
1659818	1,49710637486667
909697	1,76626356603333
687800	2,02900020346667
749711	2,389523867
907295	2,11870025423334
1330987	0,6689636805
1480362	3,89004586453333
1331048	0,891258228733334
908483	0,984199088833335
1299078	2,02128192133334
1298146	2,58397246863333
749714	1,97278885393333
909974	1,819363133
1297449	0,971009576633334
1331049	1,19852145016667
688021	1,96696797203333
909249	1,74753220756667
910919	0,963394198233333
905942	2,3173142543
753554	2,41372018333334
907285	2,3689133156
906797	1,82101347236666
908461	-2,24145556676667
907300	0,791928153233335
1240189	1,2825538354
949179	1,88011458246667
908145	1,90572678013333
908122	1,3522465376
910907	2,97535978866667
1331036	0,776558941633333
924110	1,36650619203334
909252	1,1471312042
909698	1,7762149736
1240153	2,62835022893333
909257	1,12140247763333
753565	0,903682651866666
910911	0,230544303866666
910568	2,5934247442
906855	1,54959739826667
905958	1,46148859296666
1240123	-0,821040431566664
724825	1,46050195926667
688086	1,73236688656667
1659928	1,01607737596667
909746	1,7588526236
1240128	1,92666023936667
1290807	2,62358297576666
1290724	2,28235063766667
906795	2,30890140016667
910943	2,87845590106667
907322	1,4090217449
906853	4,10879641563333
908470	1,90726999136667
1240155	1,8849145068
905973	3,16350692706666
1330935	0,879557088033333
1327775	1,3163701965
909717	1,8531439271
907279	3,05704163793333
906804	0,732933505866667
687514	0,665058729399999
906827	1,80286301296667
930083	4,20601943403333
910952	0,471993534166667
909722	1,13251493373333
907795	0,595051442666666
909975	2,8655925926
906805	-0,960064135100001
749716	-1,39495400686667
908144	2,49774245973334
909774	2,59201237953333
910948	2,5811107486
946370	2,7827030668
907000	2,31296322236667
687819	2,2131946828
905945	1,80809160053333
909976	1,63750706026667
1327766	1,62034841113333
910941	1,7372624365
749709	1,66870720473333
909736	2,32538011873333
687588	2,83939375473333
907789	0,622987780133334
906842	0,768913198533335
908139	1,55299923433333
909699	0,915012583733333
908126	1,44859868553333
753556	0,8189405278
905990	2,3664387279
724838	2,5642585205
1330972	1,697789685
1298365	1,50496834796667
1290922	0,796291454666666
909744	-0,0782543823000002
946368	2,76835366196667
1327769	1,48681072416667
1330931	1,56969437646667
910710	1,05234703026667
907281	1,4614821216
908455	0,573257681099999
909701	0,730758163666665
907072	1,22231702643333
910692	2,21547033626667
1503368	-0,533808330466667
1298218	2,24265742436667
909784	2,64592796786666
909753	2,72167729523334
1240162	-1,00712670666667
1240192	2,00364668006666
930299	3,7668322654
688010	1,5730388181
909737	2,04255122986667
924107	-1,66815914036667
910401	0,939772367566666
909748	1,01291328586667
1298219	2,86852163813334
905983	3,16965185940001
906808	1,96338441053333
907792	1,7260987186
1330941	-0,716255228799999
905947	1,6828806415
909743	1,19898407596667
909253	0,953720041633335
949094	2,25966012616667
910852	2,1925419581
905969	2,29336361603333
910850	3,71238239246666
713899	1,1933260435
724859	2,37419561126667
1298526	2,9757199073
1290813	1,64796944376667
925345	1,3662849837
1240157	1,99415645546667
905940	1,89204849136667
905956	2,32657689793333
908141	1,16535139813333
907275	1,10471550746667
906838	0,7652434965
1240184	2,0130872983
946356	0,396573756166667
717431	2,25172011693333
1299081	1,84914111533333
1290806	2,74654678756667
909738	2,06484368376667
1240143	2,6239700464
907048	1,97041843713333
910935	0,810525796766667
908159	0,9290436753
907173	3,68371321590001
753616	1,96005267686667
1290455	1,09445167686667
909735	1,58620026186667
1290810	2,6691798506
1240210	1,46312736903333
910704	-0,755436168833336
688031	1,38043514753334
925346	1,74499421713333
753585	0,8982686764
688013	0,879078376266667
1240198	1,56528905656667
908443	1,94877124616666
905984	1,82645435026667
687586	2,53177992796667
907278	1,5477083273
905951	1,97938477753333
949156	1,7641275791
1298539	3,57215068120001
909262	1,2491103164
687600	1,96377665046667
909780	2,64803511006667
1330973	2,34034111993333
906861	1,24435698343333
905937	1,0930531069
908123	0,933726636799998
910936	-0,528092471733334
949171	2,057166272
908460	2,38648961943333
949174	2,22119737249999
687821	4,78411320646668
907065	2,62147713873334
910698	1,60653545396667
910922	1,31928075283333
908125	3,27396070786667
906824	1,0887043347
909740	1,81500654006666
1299070	1,9739725547
924105	-0,2672093034
905944	2,10606089486666
924108	1,8238479264
907291	0,951869370133333
908473	0,286953159933333
753583	3,48880256906666
753555	-1,3276254582
906763	0,644917543266667
908475	1,73930820723334
910689	2,807947576
909785	0,368262137399999
1331038	1,51520542563333
687995	2,06187597493333
924240	2,08393153313334
1330993	2,03083650983333
722046	0,913908463833332
1290797	0,984567945300001
905967	-0,884536097599998
688027	0,839766662400002
910933	2,43473080636667
908444	1,6656614508
1240135	2,60162447336667
907298	1,68707219846667
905972	3,05547766466667
1240222	1,2507100251
1330942	1,2480071087
908158	1,09191622956667
907787	1,09134675083333
908148	0,647612214933333
949160	1,703763247
907321	0,724056946833333
909708	0,758460039266667
684062	1,51833908093333
1298136	2,33168446763333
907320	-0,039919597
905989	1,3695908485
908128	2,24245792283334
1240226	2,70840326120001
1660035	1,89034926919999
905979	2,91300854893334
1524416	2,14239995943333
1290765	2,10797216276667
1298350	-0,575514919366665
907788	1,3377429238
908143	1,62986032286667
753576	2,42866312586667
1298537	1,584226926
906862	1,75647202756667
688058	2,24283184846667
909778	-1,3113024426
1299062	2,58509556523334
949161	1,5242070031
687561	1,9640418153
909263	1,6982612626
753584	2,34438464603333
1298222	1,71326033413333
910934	1,21533661483333
910924	0,976281273933332
905974	1,6110040302
924238	2,6859618013
909260	1,11195360906667
907790	1,2296981689
1240160	3,3267261788
753586	2,29401190773333
749715	1,04804549116667
909747	4,26448873933334
1290771	3,02065405163334
688014	2,21728951886667
687815	-1,1586224408
906792	1,9100543304
1240209	1,6472284581
905960	1,8780143191
908147	0,909497528666667
1240174	1,79771542436667
753546	3,36083710816667
1290905	2,12517647433333
1298226	1,30753073676667
906868	2,0278309829
906834	1,55387917566667
910079	-1,63672096936667
906836	0,655784159433332
908459	2,20196990516667
907053	1,31936118263333
908445	2,70912595146667
683667	1,65261289906667
906837	0,4525628839
907050	3,55568540036666
908146	0,894002990166667
910932	2,10451505893333
998189	1,82547092586667
1298141	3,47436169263333
910916	-0,7791916852
753608	-1,2009408393
753607	0,994793306899998
1298538	0,1588989282
910906	0,8750811777
713869	2,47375116786667
1298348	0,839832762800001
905949	1,4927849762
1240179	2,07964697603333
687829	1,91494299926667
930082	1,56540925083334
1240183	1,38958825883333
909731	2,08080247233333
687802	1,22110324606666
910544	1,28873618986667
1240223	3,01177827793334
753575	0,7232274186
905965	0,841922223300001
906812	1,31866078426667
1330933	1,11052975793333
1298359	0,459534802966668
1240217	1,8533426096
1479988	2,71122606466667
907314	2,04230051846666
905938	1,6197182954
910554	0,469850982700001
910781	2,04130477783333
908458	2,4523557476
687985	1,7085006626
924250	1,81393062253333
946361	1,61158165776667
1240221	1,9852066007
1240185	2,2728150344
910706	0,967894415500001
905948	1,98272357496667
1298534	2,90677830246666
949155	1,40237422493333
910780	2,0296737382
1240186	2,80811391566667
946353	1,71870224203333
906791	3,83845295356668
909729	2,27377635653334
906851	1,6054057955
930297	2,88912386163333
924111	0,618581657866667
907169	2,19525934346667
908130	3,09292860036667
924244	0,368146139166667
1240200	-0,716036446699999
946355	-0,855516327533331
906821	1,09506267286667
1240172	3,71988439833334
724828	1,98357802336667
905946	2,71855127853333
906790	1,4011574475
1298168	2,6542266985
684052	1,94840714073333
907317	0,962497903000001
909702	0,795132358366667
910694	3,7223441778
683665	1,73268926513333
909713	2,48832855743333
1298352	4,98061270336668
906844	1,73885713053333
905939	1,83683738876667
753539	1,79498117156667
905978	2,43458891653333
910849	2,2806435785
906872	2,341806006
724831	2,1515383986
909905	2,18193626546666
687448	3,52923051146666
1240140	0,0199262765999999
907064	3,23294727233333
949168	2,0026769827
909757	1,70314034
753589	1,99745173486667
753532	2,08364887076666
687568	2,91795499646666
1240147	2,64932929226667
907280	1,34492193513333
1298349	1,87125137733333
907066	2,92933334553333
1480364	-0,433125668133334
1290730	0,683347501733333
906875	1,99686683046667
906846	1,12197911743333
1331045	1,3892673148
753566	3,64034210420001
905980	1,08202980906666
907270	0,691683549100001
909718	0,711368989966667
1297439	1,4185372374
907311	1,06780183363333
1303900	1,3703871452
908136	1,59441038626667
906870	0,7586803253
907289	0,524623048533334
949164	1,19946253826666
1240190	2,02379431706666
907276	4,25092821479999
909256	-0,1541406168
1298223	1,63942165226666
687980	1,51038238283333
753614	-1,16399617343334
749713	1,94044377143334
1247871	1,60029991516667
688011	2,10866296763334
908149	1,47150605636667
1480371	3,37384715399999
1330983	1,21566161603333
724878	3,6327618226
909761	2,00598981876667
1240121	1,653251029
907319	0,926040799633335
724873	1,59083067203333
905962	1,89605871693333
1240167	0,7834509582
724870	2,1920047629
713880	1,7213310827
906800	0,713160854099999
1240154	2,12751281603334
906843	0,895937297999999
910903	2,1508464532
1290908	1,1135864792
906839	2,06169975336667
1240215	2,5568156161
907055	1,7316161626
724869	2,14734011793334
1240158	2,3494189853
905959	1,62254915623333
1330964	2,08586167163333
971773	1,6984048896
907043	0,952629057866667
908138	1,56740453666667
753572	2,21421417553333
910784	2,2624240823
909264	2,0821401065
687457	2,43655424126667
724839	4,09376439683333
909751	0,692346683200001
925338	3,00058095346667
906856	0,937071560666668
906999	2,2667543752
910905	2,4137462883
907046	1,79442719406667
687798	0,00739474396666662
909696	1,29083262803333
907042	1,89926541453334
1240129	2,4704815639
1240124	1,52176459026667
687563	1,83018926683334
909728	1,43529141416666
1240138	3,42591880773333
687816	2,49486090106667
1327771	0,892797153866665
908142	1,07029333946667
753615	1,9705633059
908441	1,65337516593333
753561	0,2863265507
909248	2,2096013159
724866	2,64650020383333
906793	2,00745308483333
1298216	2,211640478
908463	3,1348518519
906818	2,7485563194
908457	1,25458369976666
753618	1,40021512806667
907073	1,20584198733333
687505	0,808312468266667
753552	-1,10175635263334
905964	1,42189582513333
688018	3,9272935858
906832	0,953608721966665
910944	0,707592801400001
753623	1,92751170666667
1290809	2,48420710116667
1240159	3,15884753043334
910915	1,78673542303333
906746	2,48704965826667
909756	3,04924281156667
1479987	1,688374856
1290798	1,0658392209
909255	1,5964981886
910569	1,70484948846667
1298531	0,0252497608666667
1327773	1,33670262333334
907783	1,0797147514
909720	2,53731808693333
724855	2,42318803296666
1240136	3,29314496470001
1240134	2,2584164784
946382	2,77328594343333
908447	2,19456476403333
910937	1,38450820316667
1240122	2,0973999272
949165	1,51829524623333
907312	1,90189042716667
1290808	3,0554510098
908462	1,6532994506
687506	1,11969549583333
688025	1,51832770766666
1480372	2,2244193845
908472	1,93356833166667
910951	1,3045610823
1503362	1,2397547011
1322212	1,28337094406667
724834	2,5274895007
909904	2,24476508033333
1331040	1,52525654053333
