Predicted_Response
905935	3,99863174173333
949163	2,87502266846666
908467	3,28027038086667
909721	2,5475159097
924187	3,76168679913333
688023	2,6566378519
688087	2,18727931503334
908129	3,65992414446666
906801	2,4215109128
909749	2,70074000196667
1240145	1,3117923696
687787	2,50204808146667
949177	3,38946482756667
910926	0,607640617233333
907047	1,85186893346667
1503361	3,12702987693333
909716	3,38874205743333
1295740	3,06882239566667
907058	-0,1431279993
753612	3,47893210763334
906833	3,00418013816666
909776	2,10908232883334
907273	2,61485445166667
907269	2,09714715559999
907051	4,10499873453334
907170	2,86060186976666
924104	2,52361416296667
925340	0,650701719933333
1240219	2,26698246783333
910691	3,98248753513334
907272	2,9603087838
906864	4,41641065876667
724879	1,97887796373333
1303897	3,91338188296667
753592	2,10745925276666
946360	3,93125979700001
925343	3,1150026118
905971	-0,683807071233335
905977	0,391751069933334
905970	2,0779273561
1298358	-0,931993806333332
909251	2,0114239873
1298533	1,10084078366667
908465	1,36954784103333
910687	2,9335806256
905961	-0,995267670966666
907286	2,70495388316667
1330995	3,36327108666666
946357	1,78729949090001
907060	3,54239446216666
924241	5,0349376663
1327774	2,95808819153334
905941	3,61987671826667
998184	3,14453979706667
905936	0,0655998596333333
753569	1,38770816513333
909750	3,55580636756667
1503367	0,669966909799999
924106	4,17994578543333
905955	0,929166203166667
949093	5,01258101576668
1240216	3,0864441205
908446	2,20753511876666
753600	4,28898415333333
905976	0,0712873005666667
1240146	1,74947852843333
724872	3,24062250549999
688006	3,43192676656667
1298151	1,8419730728
1330985	1,16816121486667
1660036	1,9322509631
1240132	4,3285299479
907794	0,0341453677666665
1240131	4,5029169077
908476	1,1931751246
909779	3,80519895293333
1299064	2,00630505686667
924239	3,2678838394
1503363	3,45891566136667
910942	2,0886977107
1331037	2,1133048686
909719	2,93419150916666
908454	2,97949012053333
905934	4,57556727469999
1298169	3,88745355806666
1660034	1,46546429583333
1331039	2,65244471919999
910947	-1,24418597493333
906794	3,0874234577
1659818	2,51086584956666
909697	2,4097330273
687800	4,70138718626666
749711	3,97513319403334
1240197	0,743009060066664
907295	2,9816217028
1330987	2,764665245
1480362	4,665362398
1331048	2,67002802146667
908483	3,34450935146666
1299078	1,96536640646667
1298146	3,33518915866667
749714	3,1098551375
909974	3,19717801713333
906877	4,14220850973333
1297449	2,52107952906666
1331049	2,88971604353333
688021	4,91611870919999
909249	2,17667379526666
910919	2,06512990613333
905942	3,70553453926667
753554	0,859517112400001
908461	0,981157935500001
907300	0,468151823533333
1240189	2,81216010523333
949179	4,1650534278
908145	2,164591467
908122	2,62198871053333
910907	2,68307501043334
1331036	2,3559779378
924110	3,6190508097
909252	2,9624004823
909698	1,19027635013333
1240153	0,127317745666666
909257	2,7043312277
753565	2,9750390134
910695	2,47706241026667
910911	2,424965419
910568	2,7423965818
906855	0,739376162299999
905958	2,66934557183333
1240123	1,5986276551
724825	1,49787483763333
688086	3,58403676479999
1659928	1,01871685636667
905933	3,69100688930001
909746	1,455452241
1240128	1,3585060171
1290807	4,08425948496667
1290724	2,904141954
906795	2,36871696916667
910943	3,23183327826667
907322	3,30343787566666
906853	3,83072364520001
1240155	2,2760786682
905973	2,1527547422
1330935	3,1420168007
1327775	2,15940170023333
909717	2,0710295771
907279	3,1973780781
906804	0,901062417833333
687514	2,75381736689999
906827	2,90897115716667
930083	4,74360571713333
909722	-0,530979231033334
907795	0,4419290078
909975	3,54393197686667
906805	1,7340483833
749716	2,37749094883334
908144	4,41170697046667
909774	2,0972167458
910948	3,15902495260001
946370	2,9255318516
906693	1,41450342393333
907000	1,635327246
687819	4,36985167983333
905945	2,99933432956667
909977	4,55256332393333
1327766	2,98547385263333
910941	3,50701049176667
749709	2,83420327636666
909736	1,97446490636666
687588	3,5248147811
907789	2,8423256536
906842	2,0267144227
908139	1,42572087196667
909699	2,8888155551
753556	1,61809774163333
905990	3,60289286696667
724838	3,1897883511
1330972	2,95547225589999
1298365	3,78978265683333
1290922	2,3333314748
909744	2,00460955196667
946368	3,1276409041
1327769	1,3046638912
1330931	1,48832718353333
910710	1,3122397148
907281	2,9731069305
908455	2,42081372213333
909701	1,94271181533334
907072	3,70728587759999
910692	2,70608213223333
1503368	3,4869484235
1298218	1,89222799793334
909784	1,7531369669
909753	1,02959138526667
1240162	1,89353727266667
1240192	3,92319180480001
930299	3,7462895538
688010	3,43147357136667
909737	2,71585933853333
924107	0,457678087866668
910401	2,94914156129999
909748	1,2635427999
1298219	4,36850519273334
905983	3,92639933026666
906808	4,29692640796667
907792	2,02907128423333
1330941	2,70559959546667
905947	3,18464594533333
909743	3,34110691656666
909253	1,67302375366667
949094	2,84926833933333
910852	2,099828822
905969	0,967549978866665
910850	2,47295643463334
713899	3,82046822866667
724859	0,452355480666667
1290813	0,4480720896
925345	2,63098400433333
1240157	2,40068171586667
905940	2,10850220376667
905956	1,4125300485
908141	-0,00229704246666645
907275	1,04751271293333
906838	3,18137591556667
1240184	1,29384683903333
946356	3,21416372903334
717431	3,4148558354
1290769	0,916256238066665
1299081	1,66874784583333
1290806	2,97058328403333
909738	3,71365595263334
1240143	2,559076823
907048	2,11067351763333
910935	2,1810200319
908159	2,67438949603333
753616	1,55021815126667
1290455	-0,805414946699998
909735	2,68459775453333
1290810	2,6094155055
1240210	2,58594848046667
910704	2,7209570948
688031	3,08307949923334
925346	1,78607646676667
753585	3,63711265476667
688013	3,91219320833333
908443	3,4174474408
905984	1,86630109936666
687586	3,59367436256667
907278	2,39942090943333
905951	3,3008207745
949156	4,24885061983334
1298539	2,18164999006667
909262	2,74201495853334
687600	4,18500688803334
909780	2,08609213126667
1330973	4,4425017763
906861	2,96951074486667
905937	2,53786208493333
910936	0,743020022633333
949171	2,0661016251
908460	3,6597624722
949174	3,98116510996667
687821	1,98741930343334
907065	3,59945539246666
910922	2,83519257056666
908125	1,4519768815
906824	2,74055957146667
909740	2,41867027423333
1299070	2,4512201995
924105	0,625190752
905944	3,64933753566666
924108	2,76284879186666
907291	1,9492726279
908473	1,3922523326
753583	3,6881527533
753555	1,25035035426666
906763	2,37742608596667
908475	1,76709596226667
909785	2,72278513606667
906869	2,80852786443333
909707	4,02131521716667
1331038	2,68328042613333
687995	3,61650767883334
907045	2,8681430517
924240	2,66589823973334
1330993	2,76497373973334
722046	0,432216128766666
905967	1,0032198783
688027	3,88958777186667
910933	1,4364480649
908444	2,6600121291
1240135	2,73094167963333
907298	2,19047423
905972	2,2402333484
1240222	2,05456266393333
1330942	1,79819526016667
753621	3,61442009913333
908158	2,07913392833333
907787	2,60906577946666
908148	1,2442615605
949160	3,5636106803
909708	0,311021374033333
1240201	1,96302193003334
1298136	1,14284524633333
907320	2,36594586316667
905989	0,668291713933333
908128	1,7884441665
1240226	0,637430405833333
1660035	1,46571623743333
905979	2,8895681476
1524416	3,9797197751
1290765	3,29673574703333
1298350	2,7083921666
907788	3,55285750686666
908143	3,4377327498
753576	3,50616189696666
1298537	2,2826931447
906862	3,24514646363333
688058	3,2985006714
909778	2,1077265356
753547	3,48664626403333
1299062	1,7785294277
949161	3,7063226721
907796	1,86361021763334
909263	0,791942161466666
753584	3,15452721883333
1298222	3,07342465243334
910934	0,1009956031
910924	1,5031051609
905974	0,213563865466667
924238	1,22087386963333
909260	2,56924816596667
907790	0,858765963799999
1240160	2,7979505329
910921	1,15550898606667
753586	3,39452095969999
749715	4,32114289306666
909747	0,384310854366667
1290771	-1,08616251383334
688014	4,60445851146667
687815	3,63628843823333
906792	1,5026115528
905960	1,44494764193333
908147	2,44182639023333
1240174	2,69730565753333
1290905	4,59595509296666
1298226	2,77335582966667
906868	3,74327177243334
910853	3,66750780639999
906834	3,58920996149999
910079	2,48198298506667
906836	1,71943866323333
908459	3,19424113186666
1298475	0,6138403573
907053	2,6422001042
908445	1,37277310416667
683667	3,58428344233333
906837	1,49449507376667
687562	2,43528562766667
907050	3,1389014978
908146	1,77404689566667
910932	0,886524974166667
998189	1,0822325899
1298141	1,90485887276667
910703	3,173674086
910916	1,69115202403333
753608	2,50999565453333
753607	3,18128173216667
684072	3,2226505638
1298538	1,311967731
910906	2,24640783153333
713869	4,15592681046667
1298348	2,14965686483333
905949	1,27264590613333
1240179	3,59548566853334
687829	3,30727366223333
930082	2,02856431483333
1240183	2,88781389113333
909731	3,27804250173334
687802	3,09944011413333
910544	2,44168655963333
1240223	1,82234314256666
753575	2,54177659463334
905965	1,76429243516667
906812	2,90033426803334
1330933	1,70577963333333
1298359	1,844762372
1240217	2,5260976531
1479988	1,14061754176667
907314	3,0606171021
905938	0,510836257433334
910554	2,12303872376667
910781	2,94314896706667
908458	1,41855589063334
687985	3,89299018123334
946361	1,22558312536667
1240221	3,36958681486667
1240185	2,1114290305
910706	2,70838443243333
905948	2,92911300363333
1298534	3,3946646245
949155	2,80017726956667
910780	3,2559122504
1240186	4,96419512696667
946353	3,0513822548
906791	3,87860947313333
909729	3,42150601256667
906851	3,12470370313334
930297	3,91410527013333
924111	1,55178263613333
907169	1,98387303946667
908130	3,25473438416667
924244	2,42139980593334
1240200	1,84501170043333
946355	2,3948326525
906821	2,7161077992
1240172	3,36981293466667
724828	1,18426129443333
905946	4,25052064573333
906790	-0,783207344700002
1298168	3,48825258526667
684052	3,35444886326666
907317	1,1743900888
909702	1,7729063947
683665	3,19185242186667
909713	-0,3241827368
1298352	1,52926007776667
906844	-1,47991437886666
905939	-0,273521683466666
753539	3,2806165597
908127	2,9455541434
905978	1,9546092452
910849	4,07471403536667
906872	1,81982355993333
724831	2,15596587833333
909725	1,9774917294
909905	2,89397931566666
687448	0,650156892199999
1240140	0,855453304066668
907064	2,33317558696666
949168	4,62216916333332
909757	1,3205740516
753589	4,87780492940001
753532	1,9828106204
1299080	-0,4456829804
687568	4,2979773986
1240147	-0,306617353799999
907280	0,1015579094
1298349	3,6246061415
907066	3,7578389954
1480364	2,1535935389
1290730	1,8787201733
906875	3,06996138423333
909769	3,3171363835
906846	3,47915307746666
1331045	3,1963516519
1290795	2,3834024113
907290	1,9154350512
905980	2,20754430806667
907270	1,28726284803333
909718	-0,655821300366667
724868	1,84883314026667
1303900	2,85683777266667
908136	3,0907101688
906870	1,92935204056667
907289	1,95041328923333
949164	3,33440887906667
1240190	0,842234176533333
907313	1,87426355823333
907276	1,38467289716667
909256	2,82207020799999
1298223	3,6971333611
753614	1,67738455746667
749713	4,25803500896668
1247871	1,9359609423
688011	3,75323507733333
687983	4,28826164346667
1480371	2,39151262746667
1330983	0,856029603066667
724878	4,50225353740001
909761	1,90452507043334
1240121	1,50528583743333
907319	2,61043763423333
908151	2,92227578013333
724873	1,88172186583333
905962	0,876382762099999
1240167	1,58427118543333
724870	1,77522482833333
1298476	1,64283884186667
713880	3,0679098556
906800	2,0695483507
906817	3,603119203
1240154	0,972435432466666
906843	2,59325200836667
910903	2,28453819133333
906839	2,13405908886667
1240215	3,64582833793333
907055	3,100661541
724869	1,09968614453333
1240158	2,78018583713333
905959	3,67449254746667
1330964	3,75677076723334
971773	3,03409069433333
907043	0,960970929133333
908138	2,78421961233333
753572	2,68077617023333
924186	3,09487341846666
910784	2,76719633466667
909264	2,01467523533333
724839	3,36857852256666
909751	0,580089742933333
906856	-0,0449685645333334
906999	2,2705217057
910905	-0,388337419233334
907046	2,49709318266666
911905	3,02242646903334
687812	3,17957944763333
687798	2,01322918436666
909696	3,09203353923334
907042	2,6304758484
1240129	2,91965444413333
1240124	0,616854364433334
687563	2,514695824
909728	2,29599320166667
1240138	3,41946974766666
687816	2,65516192389999
1327771	-0,417191564366666
908142	2,54596425516666
753615	1,63400643703333
908441	3,2818044831
753561	1,7731403195
909248	0,297836812533334
906793	0,283394555833333
1298216	4,2958101638
908463	4,38894380600001
906849	3,25945545563333
906818	-0,222408076266667
908457	0,423815133566667
753618	2,72102800873334
907073	1,81285337933333
687505	2,36343725863333
753552	1,1604332555
905964	2,1379520415
688018	3,96780862793332
906832	3,62221664686666
910944	2,20592736986666
753623	2,71192415773333
1290809	2,20160668356667
1240159	2,31662248566666
910915	1,89597323866666
906746	3,09522106443334
909756	3,23829810996667
1479987	3,13093462313334
1290798	3,77659546853334
909255	2,07709297086667
910569	3,74862518863334
1298531	1,57288574573333
1327773	2,5719215921
907783	0,259764376266667
909720	2,08642350346667
724855	0,539362848199999
1240136	4,18405988266667
1240134	3,25438293926667
946382	3,0833099031
908447	2,3506460098
910937	4,16404781443334
1240122	2,4982305719
949165	3,52932950253333
907312	-0,0809307916333333
1290808	3,7178073368
908462	3,85281616276666
687506	2,35340542276667
687455	1,47017936876667
1480372	3,0243027874
908472	2,63400825363333
910951	1,4650874662
1503362	1,4308830875
1322212	3,42811399316667
724834	1,28996536543333
909904	2,89864500493333
1331040	2,2376787749
