Camptothecin	5-Fluorouracil	Afatinib	Taselisib	PD0325901	Linsitinib	Sapitinib	Luminespib	Alpelisib	SCH772984
749709	0	0	0	1	0	0	1	0	1	0
749710	0	0	0	0	0	0	1	0	0	0
749711	0	0	0	0	0	0	0	0	0	0
749712	NA	NA	NA	NA	NA	NA	NA	NA	NA	NA
749713	0	0	0	0	NA	1	0	0	1	0
749714	0	0	0	0	0	0	0	0	0	0
749715	0	0	0	0	0	0	1	0	0	0
749716	0	0	1	0	NA	0	1	0	0	0
749717	0	0	0	0	0	0	0	0	0	0
905936	0	0	0	0	0	0	0	0	0	1
905937	0	0	0	0	0	0	0	0	0	0
905939	0	0	0	0	1	1	0	0	0	1
905945	0	0	0	0	0	0	0	0	0	0
905946	0	0	0	0	0	0	0	0	0	0
905951	0	0	0	0	0	0	0	0	0	0
905957	0	0	0	0	0	0	0	0	0	0
905960	0	0	0	0	0	0	0	0	0	0
905961	0	1	0	0	1	1	0	0	0	1
905962	0	0	0	0	1	0	0	0	0	1
905971	0	1	0	0	1	0	0	0	0	1
905989	0	0	0	0	0	0	0	0	0	1
906801	0	0	0	1	0	0	1	0	1	0
906812	0	0	0	0	0	1	0	0	0	0
906826	0	0	0	0	0	0	0	0	0	0
906844	0	0	0	0	1	1	0	0	0	1
906851	0	0	0	0	0	0	0	0	1	0
906862	0	0	0	0	0	0	0	0	0	0
907045	0	0	NA	0	0	0	1	0	0	0
907046	0	0	0	0	0	0	0	0	0	0
907047	0	0	0	0	0	0	1	0	0	0
907048	0	0	0	0	0	0	0	0	0	0
907287	0	0	0	1	1	1	1	0	0	1
907289	0	0	1	0	0	0	0	0	0	0
907291	0	0	0	1	0	0	1	0	1	0
907790	0	0	0	0	1	0	1	0	0	1
907792	0	0	0	0	0	0	0	0	0	0
907794	0	0	0	0	1	0	0	0	0	1
907795	0	1	1	0	1	1	1	0	0	1
908121	0	0	0	1	0	0	1	0	1	0
908122	0	0	0	1	0	0	1	0	1	0
908123	NA	NA	0	NA	0	NA	NA	NA	NA	NA
908151	0	0	NA	0	0	0	0	0	0	0
908457	0	0	0	0	NA	0	1	0	0	1
908458	0	0	0	0	0	1	0	0	0	0
909256	0	0	1	1	0	0	1	0	1	0
909263	0	0	0	0	0	0	0	0	0	1
909698	0	1	0	0	0	0	0	0	0	0
909718	1	0	0	0	1	1	1	0	0	1
909740	0	0	0	0	0	0	0	0	0	0
909747	0	0	0	0	0	0	0	0	0	1
909748	0	0	0	0	0	0	1	0	0	0
909751	0	0	1	1	0	1	1	0	0	1
909755	0	0	0	0	0	0	0	0	0	0
909757	0	0	0	1	0	0	0	0	0	0
909761	0	0	0	0	0	0	0	0	0	0
909778	0	0	1	1	NA	0	1	0	1	0
909907	0	0	1	0	0	0	1	0	0	0
910554	0	0	1	0	0	0	1	0	0	0
910569	0	0	0	0	0	1	0	0	0	0
910689	NA	NA	0	NA	0	NA	NA	NA	NA	NA
910700	0	0	NA	0	0	0	1	0	0	0
910704	0	0	1	0	0	0	1	0	0	0
910852	0	0	0	0	NA	0	0	0	0	0
910905	0	0	0	0	0	1	0	0	0	1
910927	0	0	0	0	0	0	0	1	0	0
910948	0	0	0	0	0	0	0	0	0	0
917486	0	0	0	0	0	0	0	0	0	0
924106	0	0	0	1	0	0	0	0	1	0
924108	0	0	0	0	0	0	0	0	0	0
924240	0	0	0	0	0	0	0	0	0	0
925338	NA	NA	0	NA	0	NA	NA	NA	NA	NA
946359	0	0	NA	0	0	0	1	0	0	0
946382	0	0	0	0	0	0	0	0	0	0
949093	0	0	0	0	NA	0	0	0	0	0
998189	0	0	0	0	0	0	0	0	0	0
1240123	0	0	1	0	0	0	1	0	0	0
1240124	0	0	0	0	1	0	0	0	0	1
1240172	0	0	0	0	0	0	0	0	0	0
1240173	NA	NA	0	NA	1	NA	NA	NA	NA	NA
1290769	0	0	NA	0	1	0	0	0	0	1
1290771	0	0	0	0	0	0	0	0	0	1
1290798	0	0	0	0	NA	0	1	0	0	0
1290905	0	0	0	0	0	0	0	0	0	0
1290922	0	0	0	1	0	1	1	0	0	0
1298157	0	0	0	0	0	0	1	0	0	0
1303900	0	0	0	0	0	0	0	0	0	0
1330941	0	0	1	1	0	0	1	0	1	0
1659823	0	0	0	0	0	0	0	0	0	0
1659928	0	0	0	0	0	0	1	0	0	1
1660034	0	0	0	0	0	0	0	0	0	0
1660036	0	0	0	0	0	0	0	0	0	0
1674021	0	0	0	0	0	0	0	0	0	0
683665	0	0	0	0	0	0	0	0	0	0
683667	0	0	0	0	0	1	0	0	0	0
684052	1	0	0	0	0	1	0	0	0	0
684057	0	0	0	1	0	1	0	0	1	0
684059	1	0	0	0	0	0	0	0	0	0
684062	NA	NA	0	NA	0	NA	NA	NA	NA	NA
684072	1	0	NA	0	0	1	0	0	0	0
687448	0	0	0	0	1	0	0	0	0	1
687452	NA	NA	1	NA	NA	NA	NA	NA	NA	NA
687455	0	0	NA	0	0	0	0	0	0	0
687457	NA	NA	0	NA	0	NA	NA	NA	NA	NA
687459	0	0	NA	0	NA	0	0	0	0	0
687505	0	0	1	0	0	0	1	0	0	0
687506	0	0	0	0	NA	0	0	0	0	0
687514	0	0	0	1	0	0	1	0	0	0
687561	NA	NA	0	NA	0	NA	NA	NA	NA	NA
687562	0	0	NA	0	0	0	0	0	0	0
687563	0	0	0	0	0	0	0	0	0	0
687568	0	0	0	0	NA	0	0	0	0	0
687586	0	0	0	0	0	0	0	0	0	0
687588	0	0	0	0	0	0	0	0	0	0
687590	0	0	0	0	0	0	0	0	0	0
687600	0	0	0	0	0	0	0	0	0	0
687777	0	0	1	0	0	0	1	0	0	0
687780	0	0	0	0	0	0	0	0	0	0
687787	0	0	0	0	0	0	0	0	0	0
687798	0	0	1	1	0	1	1	0	0	0
687799	0	0	1	1	0	0	1	0	1	1
687800	0	0	0	0	0	0	1	0	0	0
687802	0	0	0	0	0	0	1	0	0	0
687807	NA	NA	0	NA	0	NA	NA	NA	NA	NA
687812	0	0	NA	0	0	0	0	0	0	0
687815	0	0	1	0	0	0	1	0	0	0
687816	0	0	0	0	NA	0	0	0	0	0
687819	0	0	0	0	0	0	0	0	0	0
687820	0	0	0	0	0	0	0	0	0	0
687821	0	0	0	0	0	0	0	0	0	0
687829	0	0	0	0	0	0	0	0	0	0
687980	NA	NA	0	NA	0	NA	NA	NA	NA	NA
687983	0	0	NA	0	0	0	0	0	0	0
687985	0	0	0	0	0	0	0	0	0	0
687995	0	0	0	0	NA	0	0	0	0	0
687997	0	0	0	0	0	0	0	0	0	0
688001	NA	NA	0	NA	0	NA	NA	NA	NA	NA
688006	0	0	NA	0	0	0	0	0	0	0
688010	0	0	0	0	0	0	0	0	0	0
688011	0	0	0	0	NA	0	0	0	0	0
688013	1	0	0	0	0	0	0	0	0	0
688014	0	0	0	0	0	0	0	0	0	0
688018	0	0	0	0	0	0	0	0	0	0
688021	0	0	0	0	0	0	0	0	0	0
688023	0	0	0	0	0	0	0	0	0	0
688025	NA	NA	0	NA	0	NA	NA	NA	NA	NA
688026	0	0	NA	0	0	0	0	0	0	0
688027	0	0	0	1	0	0	0	0	1	0
688031	0	0	0	0	NA	0	0	0	0	0
688058	0	0	0	0	0	0	0	0	0	0
688086	0	0	0	0	0	1	0	0	0	0
688087	0	0	0	0	0	1	0	0	0	0
688121	0	0	0	0	0	0	0	0	0	0
713869	0	0	0	0	0	0	0	0	0	0
713878	0	0	0	0	0	0	0	0	0	0
713880	0	0	0	0	0	0	0	0	0	0
713899	0	0	0	0	0	0	0	0	0	0
717431	0	0	0	0	0	0	0	0	0	0
722046	0	1	0	1	1	1	1	0	1	1
722066	0	0	0	0	0	0	0	0	0	0
724825	0	0	0	1	0	1	0	0	1	0
724828	0	0	0	0	1	0	0	0	0	1
724831	0	0	0	0	0	0	0	0	0	0
724834	0	0	0	0	1	0	0	0	0	0
724838	0	0	0	0	0	0	0	0	0	0
724839	0	0	0	0	0	0	0	0	0	0
724855	0	0	0	0	1	0	0	0	0	1
724859	0	0	0	0	1	0	0	0	0	1
724863	0	0	0	0	1	0	0	0	0	1
724866	NA	NA	0	NA	0	NA	NA	NA	NA	NA
724868	0	0	NA	0	0	0	0	0	0	0
724869	0	0	0	0	0	0	0	0	0	0
724870	0	0	0	0	NA	0	0	0	0	0
724872	0	0	0	0	0	0	0	0	0	0
724873	0	0	0	0	1	0	0	0	0	0
724878	0	0	0	0	0	0	0	0	0	0
724879	0	0	0	0	0	0	0	0	0	0
735784	0	0	0	0	0	0	0	0	0	0
753532	0	0	0	1	0	1	0	0	1	0
753538	0	0	1	0	0	0	1	0	0	0
753539	1	0	0	0	0	0	0	0	0	0
753541	0	0	0	1	0	0	1	0	1	0
753546	NA	NA	0	NA	1	NA	NA	NA	NA	NA
753547	0	0	NA	0	0	1	0	0	0	0
753548	NA	NA	1	NA	0	NA	NA	NA	NA	NA
753551	0	0	NA	0	NA	0	0	0	0	0
753552	0	0	1	0	0	1	1	0	0	0
753554	0	0	0	0	NA	0	0	0	0	1
753555	0	0	1	1	0	0	1	0	0	0
753556	0	0	0	1	0	0	1	0	0	0
753558	0	0	0	0	0	0	0	0	0	0
753561	0	0	1	1	0	0	1	0	1	0
753562	0	0	0	1	0	0	1	0	1	0
753563	1	1	1	0	1	0	0	1	0	1
753565	0	0	0	0	0	1	0	0	0	0
753566	NA	NA	0	NA	0	NA	NA	NA	NA	NA
753569	0	0	NA	0	0	0	0	0	0	0
753572	0	0	0	0	0	0	0	0	0	0
753573	0	0	1	0	NA	0	1	0	0	0
753574	0	0	1	0	0	0	1	0	0	0
753575	0	0	1	0	0	0	1	0	0	0
753576	0	0	0	0	0	0	0	0	0	0
753583	0	0	0	0	0	1	0	0	0	0
753584	0	0	0	0	0	0	0	0	0	0
753585	0	0	0	0	0	0	1	0	0	0
753586	0	0	0	0	0	0	0	0	0	0
753589	0	0	0	0	0	0	0	0	0	0
753592	0	0	0	0	0	0	0	0	0	0
753594	NA	NA	0	NA	0	NA	NA	NA	NA	NA
753600	0	0	NA	0	0	0	0	0	0	0
753607	0	0	0	0	0	0	0	0	0	0
753608	0	0	1	0	NA	0	1	0	0	0
753610	NA	NA	0	NA	0	NA	NA	NA	NA	NA
753612	0	0	NA	0	0	0	0	0	0	0
753614	0	0	1	0	0	0	1	0	0	0
753615	0	0	0	0	NA	0	0	0	0	0
753616	0	0	0	0	0	1	0	0	0	0
753618	0	1	0	0	0	0	0	0	0	0
753620	NA	NA	0	NA	0	NA	NA	NA	NA	NA
753621	0	0	NA	0	0	0	1	0	0	0
753623	0	0	0	0	0	0	1	0	0	0
753624	NA	NA	0	NA	NA	NA	NA	NA	NA	NA
905933	0	0	NA	0	0	0	0	0	0	0
905934	0	0	0	0	0	0	0	0	0	0
905935	0	0	0	0	NA	0	0	0	0	0
905938	0	0	0	0	1	1	0	0	0	1
905940	0	0	0	0	0	0	0	0	0	0
905941	0	0	0	0	0	0	0	0	0	0
905942	0	0	0	0	0	0	0	0	0	0
905944	0	0	0	0	0	0	0	0	0	0
905947	0	0	0	0	0	0	0	0	0	0
905948	0	0	0	0	0	0	0	0	0	0
905949	0	1	0	0	1	0	0	0	0	0
905950	0	0	1	0	0	0	1	0	0	0
905952	NA	NA	0	NA	0	NA	NA	NA	NA	NA
905955	0	0	NA	0	0	0	0	0	0	1
905956	0	0	0	0	1	0	0	0	0	0
905958	0	0	0	0	NA	0	0	0	0	0
905959	0	0	0	0	0	0	1	0	0	0
905964	0	1	0	0	0	0	0	0	0	0
905965	1	1	0	0	0	0	0	1	0	0
905967	0	0	1	0	0	0	1	0	0	1
905968	0	0	1	1	1	0	1	0	1	1
905969	0	0	0	0	1	0	0	0	0	1
905970	0	0	1	0	0	0	1	0	0	0
905972	0	0	0	0	0	0	0	0	0	0
905973	0	0	0	0	0	0	0	0	0	0
905974	0	0	0	0	0	0	0	0	0	1
905975	NA	NA	0	NA	1	NA	NA	NA	NA	NA
905976	0	0	NA	0	1	0	0	0	0	1
905977	0	0	0	0	1	0	0	0	0	1
905978	0	0	0	0	NA	0	0	0	0	0
905979	0	0	0	0	0	0	0	0	0	0
905980	0	0	0	0	0	0	1	0	0	0
905983	0	0	0	0	0	0	0	0	0	0
905984	0	0	0	0	0	0	0	0	0	0
905986	0	0	0	0	0	0	0	0	0	0
905990	0	0	0	0	0	0	0	0	0	0
905991	NA	NA	0	NA	0	NA	NA	NA	NA	NA
906693	0	0	NA	0	0	0	1	0	0	0
906696	0	0	0	0	1	0	0	0	0	1
906746	0	0	0	0	NA	0	0	0	0	0
906763	0	0	1	0	0	1	0	0	0	0
906765	0	1	0	1	0	0	0	0	0	0
906790	0	0	0	1	1	0	0	0	1	1
906791	0	0	0	0	0	0	0	0	0	0
906792	0	0	0	0	1	0	0	0	0	0
906793	0	0	0	0	1	0	0	0	0	1
906794	0	0	0	0	0	0	0	0	0	0
906795	0	0	0	0	0	0	0	0	0	0
906797	NA	NA	0	NA	0	NA	NA	NA	NA	NA
906798	1	0	NA	0	0	0	0	0	0	0
906800	1	0	1	0	0	1	0	1	0	0
906804	0	1	1	1	NA	0	1	0	1	1
906805	0	0	1	0	0	0	1	0	0	0
906808	0	0	0	0	0	0	0	0	0	0
906814	NA	NA	0	NA	1	NA	NA	NA	NA	NA
906817	0	0	NA	0	0	0	0	0	0	0
906818	0	0	0	0	1	0	0	0	0	1
906820	0	0	0	0	NA	0	0	0	0	1
906821	0	0	0	0	0	0	0	0	0	0
906824	0	0	0	0	0	0	1	0	0	0
906827	0	0	0	0	0	0	0	0	0	0
906828	0	0	0	0	0	0	0	0	0	0
906830	NA	NA	0	NA	1	NA	NA	NA	NA	NA
906831	0	0	NA	0	0	0	0	0	0	0
906832	0	0	0	0	0	0	0	0	0	0
906833	0	0	0	0	NA	0	0	0	0	0
906834	0	1	0	0	0	0	0	0	0	0
906835	0	0	0	0	0	0	0	0	0	0
906836	1	1	1	0	0	0	0	1	0	0
906837	0	0	0	1	0	0	1	0	0	0
906838	0	0	0	0	0	0	0	0	0	0
906839	0	0	0	0	0	0	0	0	0	0
906842	1	1	0	0	0	0	1	1	0	0
906843	0	0	0	0	0	0	1	0	0	0
906846	0	0	0	0	0	0	0	0	0	0
906847	NA	NA	0	NA	0	NA	NA	NA	NA	NA
906848	NA	NA	NA	NA	0	NA	NA	NA	NA	NA
906849	0	0	NA	0	0	0	0	0	0	0
906852	0	0	NA	0	NA	0	1	0	0	0
906853	0	0	0	0	NA	0	0	0	0	0
906855	0	0	0	0	1	0	0	0	0	1
906856	0	1	0	0	1	1	1	0	0	1
906861	0	0	0	0	0	0	0	0	0	0
906863	NA	NA	1	NA	0	NA	NA	NA	NA	NA
906864	0	0	0	0	0	0	0	0	0	0
906865	NA	NA	NA	NA	1	NA	NA	NA	NA	NA
906868	0	0	0	0	NA	0	0	0	0	0
906869	0	0	NA	0	0	0	1	0	0	0
906870	0	0	0	1	NA	1	0	1	1	0
906871	0	0	0	0	0	0	0	0	0	0
906872	0	0	0	0	0	0	0	0	0	0
906873	NA	NA	0	NA	0	NA	NA	NA	NA	NA
906875	0	0	0	0	0	0	0	0	0	0
906877	0	0	NA	0	0	0	0	0	0	0
906999	0	0	0	0	NA	0	0	0	0	0
907000	1	0	0	0	0	0	0	0	1	0
907042	0	0	0	0	0	0	0	0	0	0
907043	0	0	0	0	1	0	1	1	0	1
907044	1	1	0	0	0	0	0	0	0	0
907050	0	0	0	0	0	0	0	0	0	0
907051	0	0	0	0	0	0	0	0	0	0
907053	0	0	0	0	0	0	0	0	0	0
907055	0	0	0	1	0	0	0	0	1	0
907056	0	0	0	0	0	0	0	0	0	0
907057	NA	NA	0	NA	0	NA	NA	NA	NA	NA
907058	0	0	0	0	1	0	0	0	0	1
907060	0	0	NA	0	0	0	0	0	0	0
907061	0	0	0	0	NA	0	1	0	0	0
907062	0	0	0	0	0	0	1	0	0	0
907064	0	0	0	0	0	0	0	0	0	0
907065	0	0	0	0	0	0	0	0	0	0
907066	0	0	0	0	0	0	0	0	0	0
907067	0	0	0	0	1	0	0	0	0	1
907068	0	1	0	0	0	0	0	0	0	0
907069	0	0	0	0	0	0	0	0	0	0
907071	0	0	0	0	0	0	0	0	0	0
907072	0	0	0	1	0	0	0	1	1	0
907073	0	0	0	0	0	0	1	0	0	0
907169	0	0	0	0	0	0	0	0	0	0
907170	0	1	0	0	0	0	0	0	0	0
907172	0	0	0	0	0	0	0	0	0	0
907173	NA	NA	0	NA	0	NA	NA	NA	NA	NA
907268	0	0	1	0	0	0	1	0	0	0
907269	1	1	NA	1	0	0	1	1	0	0
907270	1	1	0	0	NA	0	1	1	0	0
907271	0	0	0	0	0	0	0	0	0	0
907272	0	0	0	0	0	0	0	0	0	0
907273	0	1	0	0	0	0	0	0	0	0
907274	0	0	0	0	0	0	0	0	0	0
907275	0	0	0	1	0	0	1	0	1	0
907276	0	0	0	0	0	0	0	0	0	0
907277	0	0	1	0	0	0	0	0	0	0
907278	0	0	0	0	0	0	0	0	0	0
907279	0	0	0	0	0	0	0	0	0	0
907280	0	0	0	0	1	0	0	0	0	1
907281	0	0	0	0	0	1	0	0	0	0
907285	NA	NA	0	NA	0	NA	NA	NA	NA	NA
907286	0	0	0	0	0	0	0	0	0	0
907290	0	0	NA	0	0	0	0	0	0	0
907295	0	0	0	0	NA	0	0	0	0	0
907298	0	0	0	0	0	0	0	0	0	0
907299	0	1	0	0	0	1	0	1	0	0
907300	0	0	0	1	1	1	0	0	1	1
907311	NA	NA	0	NA	1	NA	NA	NA	NA	NA
907312	0	0	0	0	1	0	0	0	0	1
907313	0	0	NA	0	0	0	0	0	0	0
907314	0	0	0	0	NA	0	0	0	0	0
907317	0	0	0	0	0	0	0	0	0	0
907318	0	0	0	0	0	0	1	0	0	0
907319	0	0	0	0	0	0	1	0	0	0
907320	0	0	1	0	0	0	1	0	0	0
907321	0	NA	0	NA	0	NA	NA	NA	NA	NA
907322	0	0	0	0	0	0	0	0	0	0
907323	1	1	0	0	0	1	0	0	0	0
907783	0	0	0	0	1	0	0	0	0	1
907787	0	1	0	0	0	0	0	0	0	0
907788	0	0	0	0	0	0	0	0	0	0
907789	NA	0	0	1	0	0	0	1	0	0
907791	0	NA	0	NA	0	NA	NA	NA	NA	NA
907796	0	0	NA	0	0	0	0	0	0	0
908125	NA	0	0	0	NA	0	0	0	0	0
908126	0	NA	0	NA	1	NA	NA	NA	NA	NA
908127	0	0	NA	0	0	0	0	0	0	0
908128	0	0	0	0	NA	0	0	0	0	0
908129	0	0	0	1	0	0	0	0	1	0
908130	0	0	0	0	0	0	0	0	0	0
908131	0	0	0	0	0	0	0	0	0	0
908132	0	0	0	0	0	1	0	0	0	0
908136	0	0	0	0	0	0	0	0	0	0
908138	0	0	0	0	0	0	1	0	1	0
908139	0	0	0	0	0	0	0	0	0	0
908141	0	1	0	1	1	1	0	0	0	1
908142	0	0	0	1	0	0	1	0	0	0
908143	0	0	0	0	0	0	0	0	0	0
908144	0	0	0	0	0	0	0	0	0	0
908145	0	0	0	0	0	0	0	0	0	0
908146	0	0	0	0	1	0	0	0	0	0
908147	1	1	0	0	0	0	0	0	0	0
908148	NA	1	1	1	0	0	0	1	0	0
908149	0	NA	0	NA	0	NA	NA	NA	NA	NA
908150	0	0	NA	0	0	0	0	0	0	0
908152	0	0	0	0	NA	0	0	0	0	0
908156	1	1	1	0	1	0	1	1	0	1
908158	1	1	0	1	0	0	0	0	1	0
908159	1	0	0	1	0	0	0	0	0	0
908440	1	1	0	1	1	1	1	0	1	1
908441	0	0	0	0	0	0	0	0	0	0
908443	0	0	0	0	0	0	0	0	0	0
908444	0	0	0	0	0	0	0	0	0	0
908445	0	1	0	0	0	0	0	0	0	0
908446	0	0	0	0	0	1	0	0	0	0
908447	0	0	0	0	0	1	0	0	0	0
908448	0	1	0	0	0	0	0	0	0	1
908451	0	1	0	0	1	0	0	0	0	1
908454	0	0	0	0	0	0	0	0	0	0
908455	0	0	1	0	0	0	1	0	0	0
908459	0	0	0	0	0	0	0	0	0	0
908460	0	0	0	0	0	0	0	0	0	0
908461	0	0	1	1	0	0	1	0	1	0
908462	0	0	0	0	0	0	0	0	0	0
908463	0	0	0	0	0	0	0	0	0	0
908465	0	0	1	0	0	0	1	0	0	0
908467	NA	0	0	0	0	0	0	0	0	0
908470	0	NA	0	NA	0	NA	NA	NA	NA	NA
908471	0	0	NA	0	0	0	0	0	0	0
908472	0	0	0	0	NA	0	0	0	0	0
908473	0	0	1	0	0	0	1	0	0	0
908474	0	0	0	0	0	0	0	0	0	0
908475	0	0	0	0	0	0	0	0	0	0
908476	0	1	0	0	0	0	0	0	0	0
908483	0	0	0	0	0	0	0	0	0	0
909248	0	0	0	0	1	0	0	0	0	1
909249	NA	0	0	0	0	1	0	0	0	0
909250	0	NA	0	NA	0	NA	NA	NA	NA	NA
909251	1	0	NA	0	0	0	0	1	0	0
909252	0	0	0	0	NA	0	0	0	0	0
909253	0	0	0	0	0	0	0	0	0	0
909255	0	0	0	0	0	0	0	1	0	0
909257	0	0	0	0	0	0	0	0	0	0
909260	0	0	0	0	0	0	0	0	0	0
909262	0	0	0	0	0	0	0	1	0	0
909264	0	0	0	0	0	0	0	0	0	0
909696	0	0	0	0	0	1	0	0	0	0
909697	0	0	0	0	0	0	0	0	0	0
909699	0	0	0	0	0	0	1	0	0	0
909701	1	1	0	1	0	0	1	0	0	0
909702	1	0	0	1	0	0	0	0	1	0
909703	NA	0	0	0	0	1	0	0	0	0
909704	0	NA	0	NA	0	NA	NA	NA	NA	NA
909707	0	0	NA	0	0	1	0	0	0	0
909708	0	0	1	0	NA	0	1	0	0	1
909709	0	0	1	0	0	0	1	0	0	0
909713	0	0	0	0	1	0	0	0	0	1
909716	0	0	0	1	0	1	0	0	0	0
909717	0	0	0	0	0	0	0	0	0	0
909719	0	0	0	0	0	0	0	0	0	0
909720	0	0	0	0	0	0	0	0	0	0
909721	0	0	0	0	0	0	0	0	0	0
909722	NA	1	0	0	1	1	0	0	0	1
909723	0	NA	0	NA	1	NA	NA	NA	NA	NA
909725	0	0	NA	0	0	0	0	0	0	0
909728	0	0	0	0	NA	0	1	0	0	0
909729	0	0	0	0	0	0	0	0	0	0
909731	0	0	0	0	0	1	0	0	0	0
909732	0	0	0	0	0	0	0	0	0	0
909735	0	0	0	0	0	0	1	0	0	0
909736	0	0	0	0	0	1	0	0	0	0
909737	0	0	0	0	0	0	0	0	0	0
909738	0	0	0	0	0	0	0	0	0	0
909743	0	0	0	0	0	0	0	0	0	0
909744	0	0	1	0	0	0	1	0	0	0
909745	0	0	0	0	0	0	0	0	0	0
909746	0	0	0	0	0	0	1	0	0	0
909749	0	0	0	0	0	0	0	0	0	0
909750	0	0	0	0	0	0	0	1	0	0
909753	0	0	0	0	0	0	0	0	0	1
909754	0	0	0	0	0	0	0	0	0	0
909756	NA	0	0	0	0	0	0	0	0	0
909759	0	NA	0	NA	0	NA	NA	NA	NA	NA
909769	0	0	NA	0	0	0	1	0	0	0
909770	0	0	0	0	NA	0	0	0	0	1
909773	0	1	0	0	0	0	0	0	0	0
909774	0	0	0	0	0	0	0	0	0	0
909776	NA	0	0	0	0	0	0	0	0	0
909777	0	NA	0	NA	0	NA	NA	NA	NA	NA
909779	0	0	NA	0	0	0	0	0	0	0
909780	0	0	0	0	NA	0	0	0	0	0
909781	0	0	0	0	0	0	0	0	0	0
909784	0	0	0	0	0	0	0	0	0	0
909785	0	1	1	1	0	0	1	1	1	0
909904	0	0	0	0	0	0	0	0	0	0
909905	0	0	0	0	0	0	0	0	0	0
909974	0	0	0	0	0	0	1	0	0	0
909975	NA	0	0	0	0	0	0	0	0	0
909976	0	NA	0	NA	0	NA	NA	NA	NA	NA
909977	0	0	NA	0	0	0	0	0	0	0
910079	0	0	1	0	NA	0	1	0	0	0
910401	0	0	0	0	0	0	0	0	0	0
910544	0	1	0	0	0	0	0	0	0	0
910546	0	1	0	0	1	0	0	0	0	1
910548	0	0	0	0	0	0	0	0	0	0
910549	0	0	1	0	0	0	1	0	0	0
910568	0	0	0	0	0	0	0	0	0	0
910687	0	1	0	0	0	1	0	0	1	0
910688	1	0	0	0	0	0	0	0	0	0
910691	0	0	0	0	0	0	0	0	0	0
910692	NA	0	0	0	0	1	0	0	0	0
910694	0	NA	0	NA	0	NA	NA	NA	NA	NA
910695	NA	0	NA	1	0	1	1	0	0	0
910698	NA	NA	0	NA	NA	NA	NA	NA	NA	NA
910702	0	NA	NA	NA	0	NA	NA	NA	NA	NA
910703	0	0	NA	0	NA	0	0	0	0	0
910705	1	1	0	0	NA	0	0	0	0	0
910706	0	0	0	0	0	0	0	0	0	0
910710	1	1	0	0	0	0	0	0	0	0
910779	0	0	0	0	0	0	0	0	0	0
910780	0	0	0	0	0	1	0	0	0	0
910781	0	0	0	1	0	0	0	0	0	0
910784	0	0	0	0	0	0	0	0	0	0
910849	0	0	0	0	0	0	0	0	0	0
910850	NA	0	0	0	0	0	0	0	0	0
910851	0	NA	0	NA	0	NA	NA	NA	NA	NA
910853	0	0	NA	0	0	0	1	0	0	0
910900	0	0	0	0	NA	0	0	0	0	0
910903	0	0	0	0	0	0	0	1	0	0
910904	0	0	0	0	0	0	0	0	0	0
910906	0	0	0	0	0	0	0	0	0	0
910907	0	0	0	0	0	0	0	0	0	0
910910	0	0	0	0	0	0	1	0	0	0
910911	0	0	1	0	0	0	1	0	0	0
910915	0	0	0	0	1	0	0	0	0	0
910916	0	1	1	0	0	0	1	0	0	0
910919	NA	1	0	0	0	1	0	1	0	0
910920	0	NA	0	NA	0	NA	NA	NA	NA	NA
910921	0	0	NA	0	1	0	0	0	0	0
910922	0	0	0	0	NA	0	1	0	0	0
910924	0	1	0	1	0	0	0	0	0	0
910926	0	0	0	0	1	0	0	0	0	1
910930	1	1	0	0	0	0	0	0	0	0
910932	0	0	0	0	1	0	0	0	0	1
910933	0	0	0	0	1	0	0	0	0	0
910934	0	1	0	1	1	1	0	0	1	1
910935	1	1	0	0	0	0	0	1	0	0
910936	0	0	1	1	1	1	1	1	1	1
910937	0	0	0	0	0	0	0	0	0	0
910941	0	0	0	0	0	0	0	0	0	0
910942	0	0	0	0	0	0	0	0	0	0
910943	0	0	0	0	0	0	0	0	0	0
910944	0	1	0	0	0	1	0	0	0	0
910947	0	1	0	0	1	0	0	1	0	1
910951	NA	0	0	0	0	0	1	0	0	0
910952	0	NA	1	NA	0	NA	NA	NA	NA	NA
911905	0	0	NA	0	0	0	0	0	0	0
924100	0	0	0	0	NA	0	0	0	0	0
924102	0	0	0	0	0	0	0	0	0	0
924104	0	0	0	0	0	0	0	0	0	0
924105	0	0	1	1	1	0	1	0	1	1
924107	0	0	1	1	1	0	1	1	1	1
924110	0	0	0	0	0	0	0	0	0	0
924111	NA	1	0	0	0	0	1	0	0	0
924151	0	NA	0	NA	1	NA	NA	NA	NA	NA
924186	0	0	NA	0	0	0	0	0	0	0
924187	0	0	0	0	NA	0	0	0	0	0
924238	0	0	0	0	1	0	0	1	0	0
924239	0	0	0	0	0	1	0	0	0	0
924241	0	0	0	0	0	0	0	0	0	0
924244	0	0	1	0	0	0	1	0	0	0
924250	NA	0	0	0	0	0	0	0	0	NA
925340	0	NA	0	NA	0	NA	NA	NA	NA	1
925341	0	0	NA	0	0	0	0	0	0	NA
925343	0	0	0	0	NA	0	0	0	0	0
925345	NA	0	0	0	0	1	0	0	0	0
925346	NA	NA	0	NA	0	NA	NA	NA	NA	0
925347	0	NA	NA	NA	0	NA	NA	NA	NA	NA
925348	0	0	NA	0	NA	0	0	0	0	NA
930082	0	0	0	0	NA	0	0	0	0	0
930083	NA	0	0	0	0	0	0	0	0	0
930297	0	NA	0	NA	0	NA	NA	NA	NA	0
930298	0	0	NA	0	0	0	1	0	0	NA
930299	0	0	0	0	NA	0	0	0	0	0
946353	0	0	0	0	0	0	0	0	0	0
946355	0	0	1	1	0	0	1	0	0	0
946356	0	0	1	0	0	0	1	0	0	0
946357	0	0	0	0	0	0	0	0	0	0
946358	0	1	0	0	0	0	0	0	0	0
946360	0	0	0	0	0	0	0	0	0	0
946361	0	0	0	0	0	0	0	0	0	0
946368	0	0	0	0	0	0	0	0	0	0
946370	0	0	0	0	0	0	0	0	0	0
949090	0	0	0	0	0	0	0	0	0	1
949094	0	0	0	0	0	0	0	0	0	0
949153	1	0	0	1	0	0	0	0	1	0
949155	1	0	0	0	0	1	0	0	0	0
949156	NA	0	0	0	0	0	0	0	0	0
949157	0	NA	0	NA	0	NA	NA	NA	NA	0
949158	0	1	NA	1	0	1	0	0	1	NA
949160	0	0	0	1	NA	1	0	0	1	0
949161	1	0	0	0	0	1	0	0	1	0
949163	0	0	0	0	0	1	0	0	0	0
949164	0	0	0	0	0	1	0	0	0	0
949165	NA	0	0	0	0	1	0	0	0	0
949166	0	NA	0	NA	0	NA	NA	NA	NA	0
949167	1	0	NA	0	0	1	0	0	0	NA
949168	NA	0	0	0	NA	0	0	0	0	0
949171	0	NA	0	NA	0	NA	NA	NA	NA	0
949172	0	0	NA	1	0	1	0	0	1	NA
949174	NA	0	0	0	NA	0	0	0	0	0
949177	0	NA	0	NA	0	NA	NA	NA	NA	0
949178	0	0	NA	0	0	0	0	0	0	NA
949179	0	0	0	0	NA	0	0	0	0	0
971773	0	0	0	0	0	1	0	0	0	0
998184	0	0	0	0	0	0	0	0	0	0
1240121	0	0	0	1	0	0	0	0	0	0
1240122	0	0	0	0	0	0	0	0	0	0
1240127	0	0	0	0	0	0	0	0	0	0
1240128	0	0	0	0	0	0	0	0	0	0
1240129	0	0	0	0	0	0	0	0	0	0
1240130	0	0	0	0	1	0	0	0	0	1
1240131	0	0	0	0	0	0	0	0	0	0
1240132	0	0	0	0	0	0	0	0	0	0
1240134	0	0	0	0	0	0	0	0	0	0
1240135	NA	0	0	0	0	0	0	0	0	0
1240136	0	NA	0	NA	0	NA	NA	NA	NA	0
1240137	0	0	NA	0	0	0	0	0	0	NA
1240138	0	0	0	0	NA	0	0	0	0	0
1240140	NA	0	1	1	1	0	1	0	1	1
1240141	0	NA	0	NA	0	NA	NA	NA	NA	0
1240142	NA	0	NA	0	0	1	1	0	0	NA
1240143	0	NA	0	NA	NA	NA	NA	NA	NA	0
1240144	0	0	NA	0	0	0	1	0	0	NA
1240145	0	0	0	0	NA	0	0	0	0	1
1240146	0	0	1	0	0	0	NA	0	0	0
1240147	NA	0	0	0	1	0	0	0	0	1
1240149	0	NA	0	NA	0	NA	0	NA	NA	0
1240151	0	0	NA	0	0	0	NA	0	0	NA
1240153	0	0	0	0	NA	0	0	0	0	1
1240154	0	0	0	0	1	0	0	0	0	1
1240155	0	0	0	0	0	0	0	0	0	0
1240157	0	0	0	0	0	0	0	0	0	0
1240158	0	0	0	0	0	0	0	0	0	0
1240159	0	0	0	0	0	0	0	0	0	0
1240160	NA	0	0	0	0	0	0	0	0	0
1240162	0	NA	1	NA	0	NA	1	NA	NA	0
1240166	NA	0	NA	0	0	0	NA	0	0	NA
1240167	0	NA	0	NA	NA	NA	1	NA	NA	0
1240168	0	0	NA	0	0	0	NA	0	0	NA
1240169	0	0	0	0	NA	0	0	0	0	0
1240170	0	NA	0	NA	0	NA	NA	NA	NA	NA
1240174	0	0	0	0	0	0	0	0	0	0
1240179	0	0	0	0	0	0	0	0	0	0
1240181	0	0	0	1	1	1	1	0	0	1
1240183	0	0	0	0	0	0	1	0	0	0
1240184	0	0	0	0	0	0	0	0	0	0
1240185	0	0	0	0	0	0	0	0	0	0
1240186	0	0	0	0	0	0	0	0	0	0
1240187	0	0	0	0	0	0	0	0	0	0
1240189	0	0	0	0	0	1	0	0	0	0
1240190	0	0	0	0	0	0	0	0	0	1
1240192	0	0	0	0	0	0	0	0	0	0
1240193	NA	0	0	0	0	1	0	0	0	0
1240196	0	0	0	0	0	0	0	0	0	0
1240197	0	NA	NA	NA	1	NA	0	NA	NA	1
1240198	0	0	0	0	NA	0	NA	0	0	NA
1240199	NA	0	0	0	0	0	0	0	0	0
1240200	0	0	1	0	0	0	1	0	0	0
1240201	NA	NA	NA	NA	0	NA	0	NA	NA	0
1240202	0	0	1	0	NA	0	NA	0	0	NA
1240208	0	NA	NA	NA	0	NA	0	NA	NA	1
1240209	0	0	0	0	NA	1	NA	0	0	NA
1240210	0	0	0	1	0	1	0	0	1	0
1240212	0	0	0	0	0	0	0	0	0	0
1240215	0	0	0	0	0	0	0	0	0	0
1240216	0	0	0	0	0	0	0	0	0	0
1240217	0	0	0	0	0	0	0	0	0	0
1240218	0	0	0	0	0	0	0	0	0	0
1240219	0	0	0	0	0	0	0	0	0	0
1240221	0	0	0	0	0	1	0	0	0	0
1240222	0	0	0	0	0	0	0	0	0	0
1240223	0	0	0	0	0	0	0	0	0	0
1240226	0	0	0	0	1	0	0	0	0	1
1247871	1	1	0	0	0	0	0	0	0	0
1247873	0	0	1	0	0	0	1	0	0	0
1290455	0	1	0	1	1	0	0	0	0	1
1290722	0	0	0	0	0	0	0	0	0	0
1290724	0	0	0	0	0	0	0	0	0	0
1290730	NA	0	0	1	0	0	1	0	1	0
1290765	0	0	0	0	0	0	0	0	0	0
1290795	0	NA	NA	NA	0	NA	0	NA	NA	0
1290797	0	0	0	0	NA	0	NA	0	0	NA
1290806	0	0	0	0	0	0	0	0	1	0
1290807	0	0	0	0	0	0	0	0	0	0
1290808	0	0	0	0	0	0	0	0	0	0
1290809	0	0	0	0	0	0	0	0	0	0
1290810	0	0	0	0	0	0	0	0	0	0
1290812	NA	0	0	0	0	0	0	0	0	0
1290813	0	1	0	0	0	0	0	0	0	1
1290814	0	NA	NA	NA	0	NA	0	NA	NA	0
1290908	0	0	0	0	NA	0	NA	0	0	NA
1295740	0	0	0	0	0	0	0	0	0	0
1295741	0	1	0	0	0	1	0	1	1	0
1297439	0	NA	0	NA	0	NA	NA	NA	NA	NA
1297446	0	0	0	0	0	0	0	0	0	0
1297447	0	0	0	0	0	1	0	0	0	0
1297449	0	0	0	1	0	0	1	0	0	0
1298134	0	0	0	0	0	0	0	0	0	0
1298136	0	0	0	0	0	0	0	0	0	0
1298141	0	0	0	0	0	0	0	0	0	0
1298146	0	0	0	0	0	0	0	0	0	0
1298151	0	0	0	0	0	0	1	0	0	0
1298168	0	0	0	0	0	0	0	0	0	0
1298169	0	0	0	0	0	0	0	0	0	0
1298216	0	0	0	0	0	0	0	0	0	0
1298218	0	0	0	0	0	0	0	0	0	0
1298219	0	0	0	0	0	0	0	0	0	0
1298222	0	0	0	0	0	0	0	0	0	0
1298223	0	0	0	0	0	0	1	0	0	0
1298226	0	0	0	0	0	0	1	0	0	0
1298347	0	0	0	0	0	0	0	0	0	0
1298348	0	0	0	0	0	0	1	0	0	0
1298349	0	0	0	0	0	0	0	0	0	0
1298350	0	0	1	0	0	0	1	0	0	0
1298352	0	0	0	0	1	0	0	0	0	0
1298357	0	0	0	0	0	0	1	0	0	0
1298358	0	0	0	0	1	0	0	0	0	1
1298359	NA	0	1	0	0	0	1	0	0	0
1298365	NA	0	0	0	0	0	1	0	0	0
1298475	0	0	NA	0	1	0	1	0	0	1
1298476	0	NA	NA	NA	NA	NA	0	NA	NA	0
1298526	0	NA	0	NA	NA	NA	NA	NA	NA	NA
1298529	0	0	0	0	0	0	NA	0	0	NA
1298531	0	0	1	0	0	0	1	0	0	0
1298533	0	0	0	0	0	0	0	0	0	0
1298534	0	0	0	0	0	0	0	0	0	0
1298537	0	0	0	0	0	0	0	0	0	0
1298538	NA	0	1	1	0	0	1	0	0	0
1298539	0	0	0	0	0	0	0	0	0	0
1299050	0	0	NA	1	0	0	1	0	0	0
1299052	0	NA	1	NA	NA	NA	1	NA	NA	1
1299059	NA	0	0	0	0	0	NA	0	0	NA
1299062	0	0	0	0	0	0	0	0	0	0
1299064	0	0	NA	1	0	0	1	0	0	0
1299070	0	NA	0	NA	NA	NA	0	NA	NA	0
1299075	0	0	0	0	0	1	NA	0	0	NA
1299078	0	0	0	0	0	0	0	0	0	0
1299080	0	0	NA	0	1	0	0	0	0	1
1299081	0	0	0	0	0	0	0	0	0	0
1303896	0	0	0	1	0	0	1	0	0	0
1303897	0	0	0	0	0	0	0	0	0	0
1303912	0	0	0	0	0	0	0	0	0	0
1322212	0	0	0	1	0	1	0	0	0	0
1322218	0	1	0	0	0	0	0	0	0	0
1322224	0	1	0	1	0	1	1	1	1	0
1327766	0	0	0	0	0	NA	0	0	0	0
1327769	0	1	0	0	1	0	0	0	0	0
1327771	0	0	0	0	1	0	1	1	0	1
1327773	0	0	0	1	0	0	1	0	0	0
1327774	1	0	0	0	0	0	0	0	0	0
1327775	0	0	0	1	1	1	0	0	1	0
1330931	0	0	0	0	0	0	0	0	0	0
1330933	0	0	0	0	0	0	1	1	0	0
1330935	0	0	0	0	0	0	0	0	0	0
1330942	0	0	0	0	0	0	0	0	0	0
1330947	NA	1	NA	NA	NA	NA	NA	NA	NA	NA
1330950	0	NA	0	1	0	1	0	0	1	0
1330964	0	0	0	0	0	0	0	0	0	0
1330972	1	0	0	0	0	0	0	0	0	0
1330973	0	0	0	0	0	0	0	0	0	0
1330983	0	0	0	1	0	1	0	0	0	0
1330985	0	0	0	0	1	0	0	0	0	0
1330987	1	0	0	0	0	0	0	0	0	0
1330993	0	0	0	0	0	0	0	0	0	0
1330995	0	0	0	0	0	0	0	0	0	0
1331032	NA	1	NA	NA	NA	NA	NA	NA	NA	NA
1331033	0	NA	0	0	0	0	0	0	0	0
1331036	1	1	0	1	0	0	1	1	0	0
1331037	0	0	1	1	0	0	1	0	1	0
1331038	0	0	0	0	0	0	0	0	0	0
1331039	0	1	0	0	0	0	0	0	0	0
1331040	1	1	0	0	0	0	0	0	0	0
1331045	0	0	0	0	0	0	0	0	0	0
1331048	0	0	0	0	0	0	1	0	0	0
1331049	1	0	0	0	0	0	0	0	0	0
1331050	0	0	0	1	0	0	1	0	0	0
1479987	0	0	0	0	0	0	0	0	0	0
1479988	0	0	0	0	0	0	0	0	0	1
1480362	0	0	0	0	0	0	0	0	0	0
1480364	0	0	1	1	0	0	1	0	0	0
1480371	0	0	0	0	0	0	0	0	0	0
1480372	0	0	0	0	0	0	0	0	0	0
1503361	0	0	0	0	0	0	0	0	0	0
1503362	0	0	0	1	0	1	1	0	1	0
1503363	0	0	0	0	0	1	0	0	0	0
1503364	NA	0	NA	NA	NA	NA	NA	NA	NA	NA
1503365	NA	NA	NA	NA	NA	NA	NA	NA	NA	NA
1503366	0	NA	0	0	0	0	1	0	0	0
1503367	0	0	0	0	0	0	0	0	0	1
1503368	0	0	1	0	0	0	1	0	0	0
1503370	0	0	0	0	0	0	1	0	0	0
1503371	0	0	1	0	0	0	1	0	0	0
1509073	0	0	0	0	0	0	0	0	0	0
1524416	0	0	0	0	0	0	0	0	0	0
1659818	0	0	0	1	0	1	0	0	1	0
1660035	0	0	0	0	0	0	0	0	0	0
1290906	NA	0	NA	NA	NA	NA	NA	NA	NA	NA
