Camptothecin	5-Fluorouracil	Afatinib	Taselisib	PD0325901	Linsitinib	Sapitinib	Luminespib	Alpelisib	SCH772984
749709	-0.251083	5.530934	1.956611	-1.226492	1.761033	4.378333	2.501185	-0.340819	1.470716	3.213751
749710	1.343315	5.747062	1.785775	1.780827	-0.891411	3.197062	2.30601	-2.030566	2.855257	2.432928
749711	1.736985	6.699858	2.875085	3.789848	2.242383	3.466814	4.809483	1.805072	4.529696	5.015511
749712	NA	NA	NA	NA	NA	NA	NA	NA	NA	NA
749713	-3.106684	5.503561	2.389625	0.288934	NA	1.401273	2.944706	-2.440277	1.471257	5.716053
749714	0.224916	5.475732	2.3266	2.105948	1.724074	5.428731	3.038989	-2.241673	3.968692	3.52766
749715	-1.728301	5.093022	0.721975	0.027952	1.153928	4.471311	1.420147	-3.580668	2.896706	5.194448
749716	1.054417	5.892066	-3.736595	2.264402	NA	3.837342	0.789987	-2.207448	3.272338	2.329184
749717	-2.078181	4.015417	3.745974	3.629126	2.536627	5.376742	3.970892	-2.249847	4.143153	5.005159
905936	-2.985721	2.461866	1.25578	1.867691	-1.454187	3.084366	4.097431	-3.557272	2.501581	-1.238551
905937	-2.869888	2.774022	0.824822	1.041854	0.463606	3.319242	3.501895	-3.120042	1.961992	2.626326
905939	-2.143997	3.208651	1.939241	0.171516	-2.690403	1.897883	5.077142	-0.786355	2.350621	-1.520365
905945	-0.906245	4.97194	1.915629	0.80411	2.627414	3.499997	3.349923	-1.447733	1.602163	3.14808
905946	-1.12617	3.580482	3.625707	1.254885	3.326673	2.957168	5.648806	-2.263287	2.25542	5.278364
905951	-1.236487	4.793217	1.785	2.611017	2.016201	5.292006	5.619625	-2.620923	4.095551	3.58713
905957	-0.287232	4.557473	1.439695	1.35822	0.063895	4.997701	3.899561	-3.08256	2.322805	2.084453
905960	-2.227156	4.199544	1.678167	2.966106	-0.45884	4.982542	3.921041	-3.457536	4.141262	0.965824
905961	-1.044537	2.060363	2.632773	1.06397	-3.317181	0.689615	5.155819	0.037417	2.967247	-2.374731
905962	-3.092858	4.908481	2.059271	3.901711	-2.587159	4.077453	5.946936	-3.21536	4.661089	0.370098
905971	-1.265275	1.375821	1.238943	1.176382	-3.09183	2.950505	5.256099	-2.314341	3.395547	-2.090774
905989	-2.0952	2.486282	1.237494	1.972524	-1.242744	4.305624	5.452839	-1.163707	5.357361	0.214103
906801	-2.26343	5.199278	2.683225	-1.077405	-0.470223	3.954277	2.308834	-1.525918	1.099379	2.275609
906812	-0.043674	5.587042	1.072149	1.782734	0.970915	2.109371	4.519009	-3.570091	2.607741	2.70935
906826	-1.152528	7.676629	3.956406	3.379493	3.723164	6.648189	7.096319	-1.981945	6.634235	6.047488
906844	-4.271105	2.571143	1.666176	3.371343	-5.839973	1.937528	3.382263	-4.295916	3.683013	-4.019831
906851	0.169891	4.38984	1.865122	0.855265	2.288474	5.467471	3.647034	-0.969482	1.177257	3.363211
906862	-1.268542	5.168984	1.904104	0.499757	0.976025	3.692695	3.173727	-3.169696	3.288178	3.554931
907045	0.84632	6.399234	NA	3.465068	1.749912	3.99037	1.502635	-2.31035	4.033485	3.04081
907046	0.104913	4.622059	1.782046	0.697997	1.792795	4.346336	2.889696	-2.497376	2.040994	2.146886
907047	-3.017804	3.100442	0.504627	1.78295	-0.931	3.898839	1.432008	-2.754353	3.143884	1.728335
907048	0.121553	5.238826	2.241723	1.317814	0.290468	5.494559	4.08717	-2.080449	3.089032	1.810938
907287	-0.374586	3.391703	0.876162	-0.064456	-2.108414	0.509945	2.021558	-2.304409	2.117469	-0.635887
907289	-1.601612	3.853038	-0.069144	2.428317	1.208849	2.502909	2.743706	-1.198549	3.435095	2.174053
907291	-3.381439	3.878647	0.640719	-0.165438	-0.851285	3.706103	2.607261	-3.269764	1.248277	2.051132
907790	-3.221495	2.469496	1.086108	1.11315	-1.8113	4.382204	1.081771	-2.667802	3.121207	0.293297
907792	0.006045	7.061851	1.630403	1.76539	1.068094	4.961852	4.002219	-0.679135	4.028388	2.034198
907794	-1.146271	3.384124	1.556601	1.928785	-3.029362	3.445317	6.036972	-3.272347	4.909008	-0.682507
907795	-2.945073	1.757955	0.03817	0.693687	-2.902574	1.486029	1.498587	-3.744073	3.08507	0.019852
908121	-0.959321	5.847213	1.049245	-2.279718	1.429137	3.82974	1.728644	-4.082964	-0.031036	3.907362
908122	-2.014633	3.579379	1.422163	-1.715943	1.075218	3.313308	2.481582	-4.070806	0.355693	2.607903
908123	NA	NA	0.678318	NA	0.930316	NA	NA	NA	NA	NA
908151	-2.243342	2.877	NA	2.436589	0.128969	4.011438	3.871872	-2.215921	4.067271	3.129589
908457	-0.455879	5.366362	1.148695	0.950343	NA	2.899564	1.883929	-2.347384	2.126006	-0.802666
908458	-0.072106	6.01594	2.863357	1.109355	-0.878589	1.41006	4.844345	-1.843361	4.14909	0.704949
909256	-1.967764	5.025648	-1.076414	-2.368287	0.612165	3.283089	1.075829	-3.772403	0.173386	2.622723
909263	-1.783233	5.130687	1.612073	2.48621	-1.268259	3.7375	2.876518	-1.515619	3.428459	0.468473
909698	-3.632296	1.691771	1.636601	1.565267	-0.782015	4.419893	4.317163	-3.743374	2.82544	0.790609
909718	-5.331648	2.589523	0.479285	0.095966	-2.194415	0.937641	1.523249	-2.118896	2.455591	-2.659537
909740	0.067435	4.336036	1.932158	3.555882	1.032811	4.660029	3.260853	-2.098709	4.927606	2.605386
909747	0.678112	6.809676	5.79223	3.219553	-0.33459	4.8114	4.507349	-0.166299	4.962635	-0.035404
909748	-2.143157	4.627982	0.690755	3.00321	-1.47249	2.95176	2.317734	0.560183	4.402255	1.192637
909751	-3.784746	3.787029	0.133547	-0.618215	-1.123596	0.991899	1.102633	-4.043944	1.95233	-0.229594
909755	-0.862671	4.05826	2.357007	3.477877	-0.107218	4.000086	3.663808	0.84245	5.525077	1.217753
909757	-2.523671	4.275113	1.844997	-0.172424	-0.862972	3.512485	5.564385	1.331907	2.283308	1.078811
909761	-2.222119	6.020349	2.240619	0.999315	0.446997	4.69091	2.948976	-1.013718	1.961359	2.152693
909778	-0.524717	5.644784	-3.030818	-2.462288	NA	4.623913	0.162331	-3.082202	0.383852	1.680333
909907	2.638266	7.142114	-1.255299	2.513473	4.050023	5.560177	1.192703	-0.222814	2.922	6.735875
910554	-2.520942	2.903946	-0.238455	1.768921	0.87748	3.138601	0.688929	-2.540891	3.094222	2.592388
910569	-1.622168	3.698119	1.715276	1.281931	1.559683	1.714239	5.011901	-2.815898	2.2824	4.532042
910689	NA	NA	3.507548	NA	0.185063	NA	NA	NA	NA	NA
910700	0.503885	5.550324	NA	1.572475	-0.301174	4.02682	2.136481	-1.843	4.157261	2.559281
910704	-3.140216	2.736257	-1.595518	1.50308	1.245524	2.589109	0.380939	-1.822944	2.152919	2.881952
910852	-1.17757	5.072271	2.761687	0.900091	NA	3.49283	2.699723	-3.288078	3.071853	1.802664
910905	-0.237601	3.831394	3.229012	0.041827	-1.524252	1.731556	6.556414	3.330698	3.883027	-1.591599
910927	-3.521093	3.439888	2.97682	0.72842	0.360008	4.454655	3.886035	-4.803482	3.258953	2.782229
910948	2.776031	6.680041	3.117772	0.569064	3.515207	5.824728	6.057828	-1.103693	3.030738	3.419362
917486	-1.050013	3.814954	2.794807	2.310934	0.048561	2.774199	5.574123	-0.708637	4.451848	1.517808
924106	-4.684976	2.657877	1.643514	-1.424056	1.147103	5.386567	4.527207	-3.833771	1.017433	4.951488
924108	-2.761606	6.882031	2.047386	0.687504	0.3512	3.98807	2.757752	-2.158893	2.90715	3.011767
924240	0.57138	5.326592	2.336167	1.550675	0.936306	4.800814	3.676401	-2.413967	3.873013	2.645121
925338	NA	NA	3.791044	NA	1.958746	NA	NA	NA	NA	NA
946359	3.556764	7.667027	NA	1.079199	3.552785	5.467238	0.954036	-1.770203	1.744584	4.65372
946382	-0.630463	4.737846	3.289331	2.125975	1.784601	4.396507	3.970361	-1.46353	4.133809	3.498255
949093	2.115236	8.557196	5.355676	3.541277	NA	7.097372	5.386595	2.779084	3.74657	6.541927
998189	-2.866705	4.418844	2.05496	0.952395	-1.29801	4.312526	2.855713	-1.346212	3.100132	1.064187
1240123	-2.553237	2.445155	-2.571922	0.376945	-0.674684	2.386678	-0.616435	-1.413312	2.163268	1.512205
1240124	-3.868761	5.468027	1.611834	3.828832	-3.093107	3.269257	6.231616	-3.178032	4.515697	0.498963
1240172	-1.635276	4.877154	4.451684	3.021548	2.384551	4.309859	4.98125	-1.119935	4.650508	3.725501
1240173	NA	NA	1.892428	NA	-2.702481	NA	NA	NA	NA	NA
1290769	-1.605026	7.560484	NA	4.522143	-3.433978	4.53498	7.64047	-0.114725	4.646962	0.428639
1290771	-2.68195	5.003134	4.271923	1.933203	0.534551	2.705263	3.94196	0.426359	5.408584	-2.818411
1290798	1.431538	6.880987	1.015272	0.874352	NA	4.99145	1.433425	-1.500553	2.249805	4.321568
1290905	2.703446	8.29764	2.456274	6.995479	4.166754	6.439983	6.174605	0.48671	7.923469	5.61971
1290922	-1.283605	5.3729	0.326535	-0.215619	-0.282167	2.042423	-0.025162	-3.166615	2.795245	2.309623
1298157	-0.897835	5.883282	2.082025	0.591278	2.191239	3.540495	2.345897	-3.39008	3.06905	5.015643
1303900	-1.085408	5.449026	1.083131	4.33161	2.050385	5.619437	5.200946	-1.270058	4.973293	2.809834
1330941	2.042513	6.175894	-1.760659	-0.721156	2.435726	3.983124	1.410848	-3.181965	0.097929	2.862386
1659823	0.754433	5.724786	0.642952	2.420391	1.761364	4.614298	3.64433	0.165037	5.062294	2.576529
1659928	-3.412054	2.883979	0.696727	1.362077	-1.53968	2.294897	1.369428	-1.816631	3.300677	0.223826
1660034	-1.425613	2.896717	1.495305	0.808834	-1.224184	2.870929	2.871799	-1.311968	2.746596	0.991984
1660036	-0.333842	3.166181	2.763595	1.857063	-0.518409	4.442269	4.186651	1.625	4.347568	2.168135
1674021	-2.502602	3.07391	2.151734	0.774787	-0.15065	4.324104	5.502051	-1.991703	3.198049	1.626284
683665	-1.746082	5.414833	1.985442	3.551974	0.629001	3.850741	4.026168	-1.699887	4.091004	3.80926
683667	-2.006249	5.346672	1.401843	0.675319	1.459241	1.3924	4.225984	-3.36606	2.342297	3.904334
684052	-4.962337	4.256045	2.068806	1.594148	0.493415	1.766885	4.634573	-3.53048	2.579876	3.549507
684057	-2.509709	4.338017	1.320712	-0.571045	0.336156	1.331291	4.492384	-2.985962	1.033852	3.326388
684059	-5.239445	2.886425	1.324358	1.753802	1.530523	2.898182	3.461821	-2.471112	2.898385	2.94468
684062	NA	NA	1.430359	NA	2.364375	NA	NA	NA	NA	NA
684072	-5.109751	3.921004	NA	0.40858	1.008517	1.06539	5.049021	-3.044577	2.64645	3.194573
687448	-1.206706	9.126546	4.240014	4.693593	-2.730205	5.631559	5.622865	-0.339189	6.517062	0.132018
687452	NA	NA	-0.036451	NA	NA	NA	NA	NA	NA	NA
687455	-2.798417	4.323227	NA	2.720371	1.258749	4.526488	3.518273	1.549368	4.404476	1.253466
687457	NA	NA	3.27999	NA	0.127149	NA	NA	NA	NA	NA
687459	-1.865504	6.228839	NA	3.864063	NA	4.377626	4.901395	-1.125573	4.316762	5.614482
687505	-3.640911	3.728778	0.231021	2.345041	0.878304	4.223863	1.629306	-3.668419	5.160706	2.010585
687506	-1.73874	5.322872	0.871875	2.509599	NA	4.120412	3.890242	-3.364286	4.759929	2.423555
687514	-3.594401	4.792752	0.388264	-0.587947	0.834432	5.427955	1.224337	-2.411171	1.636723	3.111872
687561	NA	NA	1.723549	NA	1.961409	NA	NA	NA	NA	NA
687562	-4.584382	3.266237	NA	1.25011	0.032518	3.138012	3.241266	-3.678548	2.804447	2.119173
687563	-3.1084	2.420816	1.694648	2.366075	1.061565	4.657278	4.069242	-2.793068	4.683801	2.097775
687568	-3.149507	6.023977	3.187798	2.730342	NA	2.98963	4.45183	-2.374418	4.857355	5.25421
687586	-2.376573	4.802335	2.715805	1.515617	1.26336	4.740467	4.062874	-3.703455	3.730826	4.178734
687588	-3.166476	6.770135	3.072549	3.144479	1.420202	5.284523	5.990573	-3.353222	5.915298	4.147571
687590	-2.951987	5.613773	3.954576	1.889007	0.389404	5.467933	3.256419	-2.830355	3.630667	2.76424
687600	0.782097	6.442514	2.084233	-0.00274	2.251665	3.883286	5.617066	-3.363269	2.849605	4.54689
687777	-1.993318	7.387241	-0.567689	1.720375	2.666803	4.293972	0.43263	0.424303	3.300282	4.866464
687780	-1.403354	5.272167	2.289731	1.289231	1.556906	3.889596	4.751963	-2.237259	3.553913	2.346792
687787	-0.171871	5.296929	2.602383	3.76702	1.530413	3.794715	5.539881	-1.09785	5.146367	2.373275
687798	-4.176086	2.751425	-0.935354	-0.187163	0.185408	1.995651	-0.87014	2.74313	2.028626	1.744786
687799	-2.817891	3.675815	-1.650567	-1.718844	0.158011	2.973928	-1.127324	-1.793041	0.218321	0.383984
687800	0.736513	6.95488	2.087571	3.233594	4.647783	4.548013	2.29765	-2.372754	5.7783	6.055741
687802	0.889164	7.199333	0.716637	5.744185	2.233316	4.22177	2.586163	0.252762	6.319589	3.202688
687807	NA	NA	2.479467	NA	3.941915	NA	NA	NA	NA	NA
687812	0.192718	6.862513	NA	2.307281	1.198853	4.806342	3.579537	-2.518153	5.522942	3.539114
687815	-3.96132	4.350165	-2.787778	1.28534	2.038361	3.311807	-0.104065	-2.383117	2.35654	4.365276
687816	-2.871827	4.875581	2.831975	1.674893	NA	2.308077	3.938598	-1.972807	2.722282	2.858176
687819	0.385774	7.378365	2.680708	3.41596	1.99021	3.4117	4.145899	2.676543	3.353624	5.407542
687820	2.099821	9.088811	5.08693	6.110518	1.912682	6.640087	5.641864	5.54945	7.573323	4.150146
687821	0.351629	10.036351	6.539095	8.409022	-0.278639	6.96857	5.290316	0.178822	7.900445	1.954279
687829	0.358145	7.685119	1.742268	4.777153	2.46667	4.796236	4.202524	-0.181065	5.843334	3.669154
687980	NA	NA	1.487749	NA	0.834295	NA	NA	NA	NA	NA
687983	-1.263248	6.881279	NA	2.545917	2.412758	3.421701	5.403914	-2.154241	4.102754	5.068639
687985	-2.533841	5.683339	1.555215	1.937551	1.02362	3.748335	3.787995	-1.811247	2.499316	4.50385
687995	-4.198541	3.34438	2.287743	0.468551	NA	4.189548	5.469694	-1.829305	2.319479	3.799488
687997	-0.57976	6.519024	2.781033	4.323391	2.69473	4.115872	3.820215	-1.75772	5.320226	5.136109
688001	NA	NA	0.442019	NA	-0.991358	NA	NA	NA	NA	NA
688006	-4.490594	5.584438	NA	4.77501	0.778222	3.819937	5.532472	0.775092	5.049849	3.410983
688010	-2.762755	6.508745	1.552293	3.847842	1.424239	2.972937	4.680408	-3.269326	4.6538	3.515202
688011	-1.705886	5.835666	2.392011	3.293286	NA	3.460833	4.096595	1.489399	3.562029	4.006226
688013	-5.568987	4.630498	0.472601	3.382043	1.013701	3.58935	3.906889	-0.440096	4.541169	4.263489
688014	-0.940381	7.203088	2.652316	4.210934	2.979504	4.097583	5.531643	0.458008	4.214574	5.176897
688018	-2.031672	7.181177	5.564265	4.464606	2.178369	4.564499	6.116932	0.735766	4.5306	4.202715
688021	0.454577	7.680558	2.161418	3.433142	1.495957	3.865252	4.252262	1.474555	5.907709	5.686092
688023	-2.022564	6.125567	0.892776	1.49012	1.224331	4.096824	4.918564	-1.885696	3.756637	2.368883
688025	NA	NA	1.503203	NA	1.436417	NA	NA	NA	NA	NA
688026	1.7959	7.274448	NA	1.70697	1.917696	3.721072	5.248133	1.184008	4.146453	5.398947
688027	-1.749722	6.152833	0.421662	-1.333274	1.713654	3.873584	3.370099	-3.061615	0.810487	4.200491
688031	-2.897812	3.389342	1.181727	2.751719	NA	2.662207	3.257116	-0.898706	2.410813	3.039504
688058	-1.877104	5.485376	1.992368	3.106065	2.878184	4.477269	5.890817	-1.221744	4.558648	3.873721
688086	-4.267147	3.854239	1.759822	2.790707	0.804234	1.573682	4.420435	-3.301596	4.196115	3.770294
688087	-2.010414	6.757237	2.040089	1.459504	-0.207142	1.841316	4.600197	-2.856462	1.976687	1.698693
688121	-3.404986	4.241878	3.180962	2.693808	2.4271	4.773488	6.227139	-1.849491	4.779271	4.916003
713869	1.293788	6.228461	3.054388	5.391852	1.565665	5.096285	5.264033	1.631828	4.451469	4.750857
713878	-1.858484	4.347519	1.613554	4.485417	1.554424	4.037359	4.77075	-1.779738	4.772556	4.681682
713880	-3.689053	3.884478	1.828133	1.795465	1.132449	3.29184	3.975685	-3.382716	4.188539	3.089128
713899	-2.420763	4.297113	1.036823	2.401893	0.964579	3.163855	4.845412	-0.305991	3.561699	4.060009
717431	-2.89981	5.224862	2.375647	0.843563	2.647293	2.852674	4.038961	-3.29108	2.303614	3.970831
722046	-3.085383	1.504241	0.732829	-0.155288	-2.280791	1.525983	2.574159	-2.618701	1.161286	-0.236981
722066	-2.645933	6.207722	2.818737	3.430896	-0.062025	4.011572	4.302349	-4.178137	4.441089	2.469252
724825	-3.606339	2.729493	1.436951	-3.763798	-1.008377	-1.487211	4.66684	-4.312027	-1.03294	0.946255
724828	-2.487864	4.28185	1.960222	3.530222	-1.883866	3.390735	4.852505	-2.584996	4.223805	0.152268
724831	-2.306297	3.411608	2.072297	2.496882	-0.428172	4.68767	4.717477	-3.063024	3.159408	1.737493
724834	-3.273861	5.695136	2.906479	3.519142	-1.896236	3.694768	5.552609	-0.822007	4.043309	0.597246
724838	-3.862462	5.590936	2.815699	2.161349	0.934734	4.71706	4.011061	-3.750444	4.89002	3.515209
724839	-1.963715	6.170665	5.775512	7.113755	1.43592	5.185874	5.089921	2.027037	5.503989	3.752579
724855	0.197419	7.354567	2.724714	2.247187	-2.386942	2.558035	5.804918	-0.095591	5.153154	-0.166084
724859	-2.369109	5.735435	2.703005	5.100219	-1.746677	4.296826	4.611835	-1.950357	4.832977	-1.048307
724863	-2.348864	3.97547	2.343568	0.834253	-3.188367	3.968902	3.259534	-3.318614	1.941515	-1.709427
724866	NA	NA	3.056838	NA	-0.02254	NA	NA	NA	NA	NA
724868	-3.601037	2.576445	NA	1.627364	-0.4478	2.719532	3.551206	-4.007945	2.588701	1.458824
724869	-0.296583	6.649465	2.442124	3.119429	-0.698428	5.777126	4.180285	-0.238742	5.422738	0.779337
724870	-2.700202	4.783919	2.300992	2.672227	NA	3.663943	3.385103	-2.486436	3.388615	1.274858
724872	-1.207314	3.878984	1.117352	3.733744	0.422801	3.324644	3.832825	-2.215688	3.665247	3.532029
724873	-2.856155	4.462445	1.563318	0.740793	-1.579361	2.685974	4.009143	-4.014009	2.427928	1.838901
724878	-2.379578	7.184354	4.54287	3.407132	3.39702	5.272378	6.772055	0.671134	4.255041	5.977667
724879	-2.123844	4.433815	2.137485	2.202203	0.491395	4.247689	3.941266	-2.031677	4.85125	1.776844
735784	-2.931252	5.171723	2.023821	0.957707	1.513402	4.639693	3.778963	0.861325	2.863022	3.360642
753532	-2.027031	5.101297	1.895014	-1.648221	-0.897518	0.826423	2.887805	-3.564209	0.605612	1.593188
753538	-3.253273	4.780258	-0.490097	-0.050771	-0.050502	5.214324	0.006154	-2.540707	2.635146	1.881525
753539	-5.147479	2.560749	1.734951	4.68591	1.207348	3.592946	4.459807	-2.64669	4.558136	3.67582
753541	-3.746636	3.366264	0.878546	-1.990268	-0.466506	4.032426	1.388669	-3.336801	1.032132	2.361649
753546	NA	NA	4.206978	NA	-3.382457	NA	NA	NA	NA	NA
753547	-1.176761	4.223984	NA	1.716335	1.645188	1.324609	4.336991	-2.287036	1.803888	3.439971
753548	NA	NA	-0.301152	NA	-0.405472	NA	NA	NA	NA	NA
753551	-4.347583	3.361669	NA	2.401819	NA	3.749529	4.033974	-1.632719	3.945618	3.845995
753552	-3.453712	5.085314	-2.534574	1.768335	-0.398078	2.056839	0.196343	-3.240016	3.377824	0.65239
753554	-4.083769	6.895327	2.833648	2.491105	NA	4.574463	4.458896	-2.518694	4.849971	0.236353
753555	-3.049552	4.768843	-3.095542	-0.310882	-0.319337	4.120562	-0.829692	-3.737027	2.733434	0.791235
753556	-0.851197	5.046512	0.47334	-0.790741	0.327769	3.509148	2.192205	-3.641983	1.714127	1.168253
753558	-2.626678	5.270133	3.18259	2.776238	1.329246	4.631227	5.052696	1.994726	3.701334	2.85287
753561	-2.98966	4.149154	-0.049109	-1.311663	0.490614	3.518084	0.662229	-3.639666	1.539716	1.645551
753562	-4.417918	3.935762	0.808594	-1.946931	0.33454	3.627369	1.094127	-4.214985	0.877885	2.76926
753563	-5.22851	1.642012	0.229573	2.294416	-3.878095	3.227245	3.737688	-4.750509	2.78398	-1.183964
753565	-4.858818	3.911069	0.411454	0.369062	0.090297	2.122003	3.988499	-2.196718	2.242996	2.986919
753566	NA	NA	4.422072	NA	2.303602	NA	NA	NA	NA	NA
753569	-2.516114	4.305073	NA	2.950248	-1.165925	4.81101	4.251275	-3.017301	4.120501	0.818994
753572	-3.28912	4.290927	2.222548	3.18438	-0.020641	3.83551	5.128477	-3.524491	5.169531	2.655574
753573	-1.045508	3.345576	-0.381528	2.108879	NA	2.960568	-0.069824	-3.223148	2.831398	1.556994
753574	0.771646	5.384428	0.250065	0.981156	1.600267	5.853818	1.501899	0.48601	3.587662	2.220073
753575	2.169185	6.481483	0.011489	1.587823	0.134068	3.505663	0.460395	-2.514478	3.90585	2.587915
753576	1.916677	5.621365	3.071916	2.601717	3.059929	4.87679	5.822448	-0.650609	2.950379	4.499693
753583	0.688279	7.881374	4.560513	1.076562	2.220335	1.824385	5.423428	3.470726	3.057758	4.14049
753584	-2.919106	5.511188	2.293782	1.814928	1.119995	3.570306	4.351799	-3.071852	2.954598	3.129659
753585	-4.202557	5.366684	0.350774	1.209557	2.63305	4.043617	0.677138	-3.853544	4.429469	4.406629
753586	-1.426858	4.344835	2.147926	1.63673	2.272992	3.663314	5.273286	-1.533924	3.043312	3.789341
753589	-0.865251	7.780236	2.197349	3.180629	2.664601	3.88956	6.132538	1.911093	5.801966	6.032744
753592	-1.730596	4.915851	1.85616	1.904596	0.94961	3.224209	4.765097	-2.779056	3.479939	1.949093
753594	NA	NA	1.159343	NA	1.104842	NA	NA	NA	NA	NA
753600	1.035792	6.602807	NA	2.081245	2.959795	4.094627	3.532081	0.904595	3.686885	5.388293
753607	-0.513289	4.953409	0.642361	1.131873	0.169873	3.069985	4.505444	-2.607781	2.702385	2.826751
753608	-1.608937	4.489189	-2.867584	2.207055	NA	4.705522	-2.985726	-3.476073	4.127712	2.684728
753610	NA	NA	1.701302	NA	1.619952	NA	NA	NA	NA	NA
753612	-3.770258	3.977351	NA	2.058826	1.310388	2.546978	4.404191	-2.19486	2.91452	4.185504
753614	-4.069639	3.367809	-2.475999	0.633246	-0.39901	3.748864	-1.153106	-3.369701	3.014211	1.545328
753615	-1.293384	4.529052	2.241561	4.53284	NA	3.491025	3.809303	-2.948017	4.847773	0.980999
753616	-2.616148	5.715968	1.994765	1.801241	-0.937135	1.646193	5.173338	-2.21119	3.022693	0.837232
753618	-4.337626	2.04863	1.140955	2.92446	-0.017758	3.076249	4.084733	-1.544012	3.993872	2.42827
753620	NA	NA	2.084608	NA	-0.091602	NA	NA	NA	NA	NA
753621	-1.257903	7.199253	NA	2.140685	0.74604	3.189561	1.98252	-3.624964	4.206765	3.874545
753623	-2.570067	4.334388	1.840914	1.60117	0.55428	3.635267	2.399745	-2.743983	3.121063	2.70841
753624	NA	NA	1.856072	NA	NA	NA	NA	NA	NA	NA
905933	-0.267795	5.259982	NA	2.41138	2.237132	4.555662	4.002419	-1.327822	4.864824	4.262212
905934	-1.016106	4.831287	4.52368	3.126696	3.957179	5.494259	5.816809	-0.100217	4.617134	6.201445
905935	-3.161246	6.143014	3.458345	4.326355	NA	5.533989	5.423471	-1.305637	4.690862	5.056001
905938	-4.551981	3.006593	1.82684	1.177336	-3.145201	1.964349	2.951667	-3.335879	2.169817	0.128567
905940	-1.978469	5.74132	2.082658	4.774411	0.29904	4.616816	4.913997	-2.730067	5.169572	2.064426
905941	1.226427	8.095893	4.503287	4.480474	3.403742	4.091104	6.718007	0.985683	5.071243	4.191111
905942	-2.606447	5.411286	2.311298	5.122906	1.74666	4.110954	5.256699	-2.204633	5.20994	4.162533
905944	-1.673023	6.312732	2.281704	3.79219	1.650866	3.991032	3.647493	-0.438503	3.95614	3.947933
905947	-3.494502	4.187099	1.344344	2.797083	1.412749	3.708219	4.173126	-1.874894	5.223006	3.428381
905948	-0.524668	5.481413	1.959552	2.925075	1.838155	3.695082	5.28877	0.170888	5.070332	3.116844
905949	-3.187084	2.298731	1.029003	0.894536	-1.989476	3.213013	2.800145	-4.062721	2.762734	0.549216
905950	-4.133949	3.282776	0.114957	2.06514	0.639093	3.365956	1.684407	-2.166536	5.002881	2.665227
905952	NA	NA	0.66688	NA	-0.092136	NA	NA	NA	NA	NA
905955	-0.334741	6.277859	NA	5.028673	-1.392238	4.970634	4.300596	0.774934	4.630982	0.414964
905956	-2.567593	6.797381	2.326703	3.551931	-1.673743	4.518283	5.417607	1.841007	4.626709	1.079998
905958	-4.698154	2.952354	1.746765	2.240129	NA	3.188262	3.853964	-1.89143	3.467702	2.705526
905959	-1.186707	4.690067	1.554273	0.707932	3.080011	6.09365	2.464472	-1.009211	3.109995	4.554041
905964	-4.080889	1.562071	1.389594	2.311873	-1.220946	2.57387	4.049471	-2.944403	3.459587	2.186628
905965	-5.487077	1.786094	0.313841	1.423764	-0.227935	2.603363	3.245535	-4.739111	2.287934	1.500343
905967	-1.322585	4.098019	-2.541096	0.114007	-1.431509	2.574706	-1.81517	-2.108335	4.030595	0.295894
905968	-2.717918	3.463895	-0.948808	-2.920048	-2.029967	4.723103	0.203075	-3.599954	-0.703124	-0.437318
905969	0.809877	4.621583	2.227047	1.133822	-2.37312	3.645905	3.440475	-1.160489	1.951474	0.36078
905970	1.548754	6.65535	0.07761	2.63513	0.82605	4.716349	2.375774	-0.919115	5.092941	1.943165
905972	-2.544042	5.323009	3.529448	4.37296	-0.793191	5.282147	4.71266	-1.5737	5.566195	2.010537
905973	-1.411598	6.047205	3.691617	3.235022	0.721465	3.714965	4.229051	-2.575419	5.009335	1.882533
905974	-3.285912	3.218004	1.268113	1.168487	-0.59891	3.798762	4.090207	-4.329559	2.537729	-0.961144
905975	NA	NA	2.234441	NA	-4.467763	NA	NA	NA	NA	NA
905976	-3.641147	5.287564	NA	1.648649	-4.320327	3.722391	5.103592	-2.801561	4.029024	-1.445398
905977	0.832252	6.859122	2.937949	3.948222	-2.712455	4.978888	5.450321	0.787412	5.820459	-0.309286
905978	-0.775119	5.805034	2.558468	2.192081	NA	3.577836	4.060704	-3.286921	3.699774	1.330127
905979	-1.377338	6.600829	3.117762	3.517958	2.349469	5.030534	4.005348	-1.402695	5.861637	2.924352
905980	0.606507	4.840232	0.548056	2.685245	1.584433	5.211483	1.524007	-0.707851	5.619683	1.967804
905983	-3.235664	6.856577	3.650172	4.04101	1.496634	5.322796	6.212604	-1.98753	5.424335	4.448774
905984	-3.708391	2.649294	1.501708	1.405353	-0.515341	4.306918	3.65363	-3.628425	3.288392	1.277972
905986	-2.687051	6.576672	2.249432	3.685859	1.907564	4.991383	4.485604	-0.256663	4.442976	3.308952
905990	1.164653	6.722217	2.76842	5.77393	2.331617	4.848811	5.62426	1.216365	5.9956	4.103485
905991	NA	NA	1.526056	NA	0.916449	NA	NA	NA	NA	NA
906693	-1.452904	4.286992	NA	1.777839	-0.132622	3.313042	2.416636	1.758514	2.896517	1.266328
906696	-3.296968	5.921771	1.995939	2.624706	-3.092101	2.517921	4.423707	-3.562523	3.068834	-0.369894
906746	-2.705066	6.072593	2.643035	1.576285	NA	5.031653	5.714628	-2.790489	5.006949	3.404072
906763	-3.502694	5.106344	0.264044	4.285425	-0.506167	2.13275	3.589064	-3.669118	4.176249	2.448309
906765	-4.68342	1.82034	0.797434	-1.500457	-0.346271	3.379522	4.150382	-4.146724	1.826979	2.352979
906790	-3.266368	3.841646	1.377059	-1.418949	-3.130511	3.865407	4.136092	-4.168021	0.863382	-2.654196
906791	-1.588587	7.750157	5.430393	3.943611	3.277487	3.949403	5.781991	0.640182	4.352914	4.863552
906792	-3.757428	4.540757	1.834321	2.109896	-1.821956	3.812511	3.664443	-4.202117	4.289099	1.362171
906793	-4.517416	4.057461	1.732498	2.579417	-3.871759	3.047109	4.758012	-4.037037	4.509372	-0.855669
906794	-2.78054	5.323301	1.694236	2.563337	0.654847	4.573537	2.821287	-2.800405	4.706245	3.833209
906795	-1.209881	6.221018	2.101497	0.864169	-0.744306	3.921372	5.274262	-1.213986	3.516154	2.121813
906797	NA	NA	1.955521	NA	0.063677	NA	NA	NA	NA	NA
906798	-5.115998	4.410077	NA	2.683493	0.588384	4.160544	4.247959	-3.870745	4.181952	3.054605
906800	-5.004851	2.436119	0.284832	1.227971	-0.532158	2.217838	4.219933	-4.607163	2.040979	1.829417
906804	-3.737636	2.22328	-0.12106	-2.588772	NA	3.198628	2.502607	-4.220664	0.091883	-0.193621
906805	-0.263685	5.295702	-3.174215	1.259066	-1.417058	4.205587	-2.499917	-2.241583	2.817275	1.41538
906808	-1.586349	6.170836	2.13545	4.929543	0.774941	4.286028	5.01446	0.830245	4.668733	4.809355
906814	NA	NA	1.708086	NA	-1.579351	NA	NA	NA	NA	NA
906817	0.31303	5.033722	NA	3.244321	1.931622	5.401774	4.167984	0.95298	4.655649	4.513172
906818	-2.260701	5.102145	2.922049	3.629488	-3.63345	3.963403	5.531054	-1.522354	4.597093	-1.744438
906820	-3.85745	3.265485	1.490804	0.490584	NA	2.431196	2.907916	-3.694874	1.657257	-2.246297
906821	-3.486215	3.586797	0.409258	2.703907	0.883343	4.380818	2.687241	-2.804713	4.124517	3.089554
906824	-3.320781	3.953502	0.610515	1.150585	0.110059	4.481172	1.695628	-2.956168	2.725446	2.873248
906827	-2.838601	4.272345	1.388827	3.912631	2.422412	4.156153	4.683522	-3.709242	3.71114	3.027186
906828	-4.06752	3.746992	2.060475	2.158741	-0.284557	3.475583	4.186173	-3.441915	3.619399	2.023161
906830	NA	NA	3.984401	NA	-3.967814	NA	NA	NA	NA	NA
906831	-3.69488	2.655478	NA	1.922963	0.190304	3.350167	3.209395	-3.798634	2.533781	2.143337
906832	-4.506183	5.034285	0.767433	3.424761	1.595644	4.196	4.573792	-2.252379	4.505448	4.345701
906833	-4.484032	4.915308	1.837945	2.226446	NA	3.73384	3.869478	-3.949579	3.200363	3.046742
906834	-4.643568	2.049458	1.324206	1.920515	0.150355	2.507229	4.417103	-4.245417	3.327255	3.99868
906835	0.019731	9.552617	4.713988	5.167529	0.929959	7.257546	6.570561	-0.124136	7.18238	2.926958
906836	-5.358062	-0.050631	-0.009836	2.96922	-0.42463	2.353357	3.529615	-5.107644	3.804935	1.499255
906837	-2.760316	3.613968	0.322847	-1.113697	-0.951443	3.661642	1.82107	-2.69457	2.107429	1.194125
906838	-2.115168	3.96611	0.584276	2.663013	1.215463	3.853516	4.566348	-3.241748	4.504876	3.593391
906839	1.312427	7.150709	1.796538	3.112735	1.94169	5.338587	4.522355	-1.196249	4.585211	1.733415
906842	-5.780752	1.511027	0.518569	0.067726	-0.736204	3.232802	1.827145	-4.355461	2.120963	2.008286
906843	-2.513168	6.445768	0.809043	2.146126	0.23451	3.359513	1.088475	-2.416367	3.99472	2.674026
906846	-4.683771	2.482448	1.100823	1.073552	2.266292	4.338153	3.046374	-2.923715	2.92447	4.219772
906847	NA	NA	1.208492	NA	1.144691	NA	NA	NA	NA	NA
906848	NA	NA	NA	NA	0.357003	NA	NA	NA	NA	NA
906849	-1.707809	5.093403	NA	4.209795	1.632117	3.078928	4.857003	-0.894478	4.391882	3.611982
906852	-0.84306	3.203825	NA	2.931987	NA	6.098996	1.794887	-1.678281	5.499684	2.647446
906853	2.652026	7.576252	6.015747	4.745438	NA	5.277426	5.573519	1.191078	5.774866	5.557802
906855	-4.282016	2.904205	1.902638	2.649881	-1.70871	3.099848	4.676763	-3.912252	3.45252	0.361499
906856	-4.169704	1.214361	0.789232	1.813832	-2.293283	1.898743	1.601565	-4.106574	3.068255	-0.752101
906861	-1.191764	4.376172	0.890994	1.419311	1.84603	3.977449	3.310047	-0.956555	2.903563	3.306323
906863	NA	NA	-0.780914	NA	-0.196571	NA	NA	NA	NA	NA
906864	-3.359043	6.4271	2.475086	3.997374	2.751395	4.22668	4.818197	0.375359	5.880075	5.430545
906865	NA	NA	NA	NA	-2.963008	NA	NA	NA	NA	NA
906868	-2.450669	6.038603	1.791026	1.479818	NA	4.276298	4.104067	-4.179888	3.344101	4.400368
906869	-2.48859	4.821212	NA	0.767676	0.221413	3.406077	1.851182	-2.31764	3.700227	2.982718
906870	-4.409995	3.39879	0.618951	-2.026212	NA	0.399623	2.912899	-4.851714	0.539443	2.087671
906871	-3.628604	5.855618	1.847115	1.657893	1.042976	4.145636	4.620628	-3.238321	3.369912	3.407716
906872	-0.0167	4.666546	2.329336	3.457759	0.272822	3.781378	5.499739	-3.111858	4.154939	1.382052
906873	NA	NA	0.537213	NA	-0.882196	NA	NA	NA	NA	NA
906875	-3.266196	2.791772	2.111066	4.258175	1.647902	4.313966	5.118337	-0.056999	4.021254	3.020006
906877	-3.89463	5.645838	NA	0.640517	2.303709	2.671626	3.815597	-2.5334	2.455822	5.245776
906999	-2.959694	4.59166	2.21732	2.470119	NA	4.602151	4.781462	-1.949795	3.827751	2.374955
907000	-4.997052	3.905065	2.343699	0.43803	0.430143	4.004694	2.697587	-2.664053	1.517729	0.855572
907042	-4.847862	2.378293	1.622873	1.683666	0.654946	4.414096	3.670333	-4.124108	3.04044	2.675298
907043	-4.676639	2.438243	0.663378	2.638904	-3.519702	2.941064	2.08457	-4.475964	3.147372	0.010476
907044	-4.995086	2.278303	1.028847	2.652141	-0.714579	4.144539	3.74623	-3.214023	2.335447	3.498231
907050	1.063625	7.666173	4.426499	6.02208	2.314827	5.907173	6.953897	0.491095	6.89628	3.538204
907051	0.758196	6.478283	2.938099	3.939375	2.184358	5.052311	5.165047	1.522375	5.187482	5.09652
907053	-4.132766	3.22919	1.340562	2.970182	0.831215	3.317335	3.744738	-3.47497	3.891209	3.398321
907055	-1.7846	3.411768	1.703505	-1.718145	1.463351	3.67105	4.187121	-3.130027	0.36465	3.10242
907056	1.692486	5.868527	2.521315	2.169473	2.060783	3.299764	4.692936	-0.45071	2.916849	5.03399
907057	NA	NA	2.470674	NA	1.158308	NA	NA	NA	NA	NA
907058	-1.835925	4.778976	1.376063	2.069663	-2.931091	2.589793	4.343015	-1.551891	3.278243	-1.074027
907060	-3.017332	4.349048	NA	2.773171	1.401301	2.904811	4.822787	-3.808405	3.453741	4.041278
907061	-3.907213	3.326271	0.404034	1.360279	NA	4.168567	1.473826	-4.04934	2.565518	2.310594
907062	-3.195973	3.854215	2.130599	1.697964	0.475143	5.252133	2.552273	-1.637583	4.747631	3.458065
907064	-0.817971	6.835649	3.691317	5.966765	-0.704718	4.226185	5.377582	-2.119821	5.734974	2.467191
907065	-0.916833	5.850866	3.197631	1.607007	2.415268	4.359192	5.501782	0.273295	3.50226	4.853011
907066	2.60138	8.353894	3.854296	5.931318	1.699499	4.905562	4.324327	-0.994564	6.283934	4.581676
907067	-1.859199	5.489269	1.424334	2.029911	-3.802597	4.367939	4.127004	-3.144969	4.249808	-1.880034
907068	-3.520035	2.277381	2.294283	3.116861	-0.095529	4.721049	2.996677	1.634493	5.423458	2.871553
907069	-1.779282	3.094673	1.14669	2.147476	-1.432721	5.68825	2.700244	-1.794832	3.842228	1.0175
907071	1.764023	7.761291	5.5271	3.677859	1.875205	3.61487	5.770495	-0.539457	5.54169	3.83354
907072	-4.610425	3.782149	0.843888	-0.663141	0.820721	2.351282	4.443381	-4.355482	1.002722	4.149033
907073	-3.547167	3.216501	0.804721	2.150118	-0.101592	2.755607	1.690527	-3.662245	2.376841	1.228812
907169	-0.776289	5.850272	2.362013	4.883719	-0.712001	4.466958	4.486669	-1.172959	5.074117	2.11756
907170	-4.393695	1.373552	1.120684	2.821788	0.391447	3.130443	4.311479	-1.432347	3.938206	2.62072
907172	-2.312575	5.584529	2.960932	2.715634	-1.141115	4.747943	4.24345	-3.609266	4.650598	1.705808
907173	NA	NA	4.521009	NA	1.255056	NA	NA	NA	NA	NA
907268	-3.36021	3.679761	0.195164	1.071611	0.263781	2.937263	2.196203	-4.286573	3.999531	2.796041
907269	-4.935602	1.439771	NA	-0.948783	-0.413308	3.151493	2.254445	-4.927282	1.877252	1.994302
907270	-5.973858	0.954816	0.292771	0.819636	NA	2.960655	1.327919	-4.581464	1.691974	0.603298
907271	-0.198175	4.557748	2.76615	2.425833	-0.638951	4.958916	4.707856	-2.038158	4.365466	1.253983
907272	-1.79544	5.082016	0.673671	0.956312	0.271358	2.30787	3.307918	-3.459527	2.901176	3.196172
907273	-3.480534	0.032785	1.30232	2.480677	-0.507934	3.478913	4.499286	-3.180897	4.12575	2.898353
907274	-3.354039	4.077585	1.585821	0.695009	-0.08671	4.030878	3.721972	-2.845187	2.953367	2.568162
907275	-2.237873	4.321523	0.951456	-1.47757	-1.149812	2.698784	2.610533	-3.566226	1.535461	0.651854
907276	1.644029	2.701178	6.073375	4.761028	1.613584	4.741164	4.318108	0.879516	5.066644	1.164186
907277	-4.84747	2.845723	0.277439	0.560849	-0.140788	2.945778	3.943699	-3.444436	2.315102	2.984885
907278	-3.441868	5.813671	1.903706	3.435908	-0.143129	4.15405	3.935051	-1.580678	4.343366	2.883507
907279	1.152322	5.445978	3.39062	2.217838	-0.060451	4.856347	5.318147	-2.733463	3.064805	3.345524
907280	-2.633582	4.087891	1.317183	2.590916	-4.067535	2.609223	3.511126	-3.557515	3.900346	-1.021989
907281	-2.793419	4.147036	1.531193	1.506638	0.755322	0.704209	4.384464	-3.247184	2.306015	3.28855
907285	NA	NA	2.65722	NA	-0.744451	NA	NA	NA	NA	NA
907286	-3.378933	5.579467	3.209127	4.047587	1.103575	4.887321	4.180154	1.961698	4.274365	3.533441
907290	-1.873206	6.962384	NA	1.267754	1.338092	2.972992	5.302076	-0.76082	2.674227	1.55286
907295	-3.324535	6.983062	2.328692	3.628302	NA	2.8048	5.852547	3.90245	5.494635	3.208596
907298	-2.858603	3.07335	1.49067	1.992449	1.284281	3.717286	3.645583	-3.755276	2.484813	1.838442
907299	-3.444165	2.166501	1.811374	0.201592	0.064749	1.032794	3.780463	-4.410973	1.801042	1.705637
907300	-4.727499	4.112908	0.399982	-0.804848	-3.178513	0.368731	3.63246	-4.014564	0.909682	-0.119952
907311	NA	NA	1.04329	NA	-3.831959	NA	NA	NA	NA	NA
907312	-3.671613	2.551171	2.066205	4.669996	-2.714298	4.057383	4.506736	-3.883867	4.617477	-1.759169
907313	-0.966944	5.103971	NA	1.789022	-0.18542	3.516663	3.889229	-3.816899	3.272996	1.453589
907314	-3.712882	3.765484	2.273345	2.05376	NA	2.829401	5.398075	-1.759904	3.651125	2.927774
907317	-2.836104	3.246926	0.869637	0.706795	1.237616	3.795705	3.044529	-4.049175	2.180431	0.802808
907318	-1.458124	2.328231	1.011216	0.834773	1.464263	3.50794	1.925563	-3.048568	3.273369	2.328184
907319	-3.107823	3.313014	0.758276	1.145292	1.41232	5.23593	1.516007	-2.513281	2.554923	2.818468
907320	-1.093072	3.143091	-0.91488	0.129144	2.067415	5.668211	-0.581412	-2.91794	2.630633	2.549886
907321	-3.589482	NA	0.689289	NA	0.705638	NA	NA	NA	NA	NA
907322	-3.402329	4.166101	1.447388	3.840331	1.331938	3.218552	3.778455	-2.770867	4.480595	3.843015
907323	-4.949094	0.432329	1.627859	3.229762	0.700148	2.061031	3.885947	-2.425796	3.112795	2.653274
907783	-4.366763	3.000414	1.00939	2.848205	-2.290523	3.271565	2.900428	-4.044943	3.464769	-0.53347
907787	-4.801399	2.065703	1.066239	3.452295	-0.101457	2.616982	3.296393	-0.747461	4.184558	2.769728
907788	-3.534387	3.197288	1.029691	0.083411	1.886727	3.334974	4.809531	-2.557347	3.00245	4.024107
907789	NA	4.358074	0.349772	-0.06398	0.493114	3.069215	4.023101	-4.716702	2.46394	3.064765
907791	2.124949	NA	4.073172	NA	3.131462	NA	NA	NA	NA	NA
907796	-1.392159	7.178069	NA	3.040304	1.809613	3.363621	5.889784	-2.786154	3.125646	1.580138
908125	NA	6.238752	3.791848	4.508252	NA	4.675686	6.034746	-1.065601	5.512319	1.454761
908126	-3.499339	NA	1.558285	NA	-1.775	NA	NA	NA	NA	NA
908127	-2.734509	3.752667	NA	1.21185	2.163678	3.638172	4.734432	-3.417762	3.458505	3.255769
908128	-0.301909	6.59756	2.415605	2.593103	NA	6.188188	4.80777	0.964682	3.693883	1.829767
908129	-0.20899	5.673918	1.859743	-0.203438	2.247106	4.961874	3.870498	-1.220868	1.439024	3.766363
908130	-1.393899	7.633437	3.927774	3.567524	2.072498	5.242526	6.212417	-0.204397	5.452757	3.352872
908131	-3.082263	4.482201	2.177546	1.205617	2.198372	5.43946	4.2244	-2.612295	3.415811	3.620866
908132	-4.695121	3.162204	1.57339	2.896345	-0.14754	2.07097	4.532323	-1.740362	2.286375	2.93793
908136	-2.319071	3.557463	2.060299	2.498764	1.082273	2.613547	3.343443	-3.364717	4.467799	3.596147
908138	-0.870755	5.05581	1.203115	0.020635	1.862216	3.660564	2.212817	-0.615161	1.546768	3.103181
908139	1.186429	3.395521	2.032468	2.70581	0.451214	3.316663	3.675512	-1.614162	3.854157	0.955782
908141	-4.464037	1.874995	1.160294	-0.426157	-3.770416	1.220389	3.6454	-4.245529	1.916489	-1.159498
908142	-3.531439	3.679199	1.129511	-0.868937	-0.43641	3.911253	2.322164	-2.422096	1.625714	2.713346
908143	-3.258943	5.492377	1.954444	2.911572	2.686567	4.136953	5.552064	-2.207932	5.049257	4.159467
908144	-0.646514	7.558483	2.54582	2.573525	2.776883	5.423982	5.341446	-2.79774	3.524815	5.240286
908145	-4.02278	3.965699	1.626744	1.506703	0.463811	4.996741	4.820428	-3.841278	3.749972	2.034405
908146	-4.638019	4.843377	0.783697	3.706987	-1.727798	3.025397	3.273072	-2.334518	4.149972	1.203649
908147	-5.406316	1.928842	0.747676	0.801147	-0.221097	3.084786	3.844022	-3.781827	2.610693	2.566751
908148	NA	0.328101	0.259119	-1.151014	-0.37745	2.764836	3.394316	-4.951109	2.959577	1.315327
908149	-2.907553	NA	1.515064	NA	1.674649	NA	NA	NA	NA	NA
908150	-1.778965	6.441069	NA	2.850244	1.801254	3.685395	4.030534	-1.887615	4.157541	2.6071
908152	-3.018823	6.165063	4.485798	2.752565	NA	3.587608	3.212084	-2.28913	5.250293	1.942993
908156	-5.446414	-0.802199	-0.098809	1.194986	-2.579347	2.554842	1.861519	-5.511414	1.898271	-0.590768
908158	-4.962984	2.257868	1.042834	-1.741351	-0.407403	2.791208	3.264285	-4.030221	0.991915	1.843479
908159	-5.064652	2.894876	0.768524	-1.222629	-0.023222	2.543878	3.026496	-4.164359	1.658831	2.74222
908440	-4.989476	1.682905	0.382829	-0.482758	-4.362206	0.850415	0.886865	-4.157458	0.621705	-3.001829
908441	-0.939678	6.028674	1.774534	0.437774	0.98417	3.814288	4.952963	-2.54775	1.984434	3.57306
908443	-0.815051	4.239161	2.218352	2.126606	2.918948	5.791637	6.012512	-0.420437	4.238495	3.64205
908444	-2.994779	4.465062	1.704433	3.163927	0.791711	4.001315	5.093437	-2.867708	4.496832	3.060531
908445	-4.842051	1.977718	3.198008	2.643005	-1.547597	4.346394	5.656258	-3.105582	3.900565	0.963013
908446	-3.358669	2.6644	0.919911	2.642942	0.962091	1.86975	4.026254	-1.79701	3.027239	2.374741
908447	-4.2433	4.006259	2.372535	1.751004	-0.388036	2.028313	5.452301	-2.542874	3.215509	1.85199
908448	-4.486932	1.649827	0.896483	1.542425	-1.34576	2.521874	4.536028	-3.917183	4.040806	0.437584
908451	-3.832515	1.561235	1.243665	0.745135	-3.51653	2.752544	3.885753	-3.331403	1.993917	-0.619177
908454	-3.995591	2.800577	1.73827	1.84404	2.125811	3.134565	3.633754	-3.81608	2.04794	3.010452
908455	-3.946609	4.273837	-0.185471	1.344505	0.187176	4.641873	1.160105	-2.664953	3.399448	2.473173
908459	0.490403	4.425098	2.39043	1.316045	1.201563	3.817397	4.499055	-0.201481	2.359868	3.370913
908460	-0.491825	7.83539	3.076726	3.907614	2.677212	5.89444	7.151933	4.453593	6.984405	4.880672
908461	-0.832855	4.777286	-5.065411	-1.06429	1.198039	4.650502	-1.404859	-4.127794	0.366502	0.523414
908462	-0.962559	4.802423	1.156268	3.370175	1.353342	4.410304	3.631027	-3.547102	3.553888	4.609659
908463	-1.238479	8.443969	3.865986	3.285509	3.05671	4.93802	4.810724	2.453642	5.257272	5.676609
908465	-0.826978	4.300203	0.020223	1.314291	-0.994719	2.996544	1.15284	-1.389888	3.315365	1.049243
908467	NA	6.397086	1.735392	3.140697	0.414575	4.221398	4.441249	-2.858625	4.894044	3.218681
908470	-0.413604	NA	1.948311	NA	2.465022	NA	NA	NA	NA	NA
908471	-2.08122	5.224635	NA	3.930559	-0.723564	3.00162	4.880331	-1.129734	4.612528	1.667213
908472	1.769308	7.428605	2.318984	6.008428	NA	3.203914	3.961515	2.07466	5.758145	3.117397
908473	-1.869024	4.88671	-0.520139	0.883114	-1.533001	2.799138	0.094817	-0.916836	2.695887	0.924798
908474	-3.040055	5.051646	0.61793	0.614863	2.035473	4.625876	2.776229	-3.779496	2.095278	3.53489
908475	-0.642305	5.261307	1.460188	1.686358	1.515061	2.779388	3.611218	-3.945223	2.407872	1.305238
908476	-1.619025	2.086758	1.305347	1.660347	-0.879163	3.033226	5.687435	-2.582327	3.357783	0.686338
908483	-2.246462	3.959594	0.585386	2.031265	1.094305	2.671327	4.45233	-1.438084	2.908249	3.402701
909248	-1.696048	3.756716	2.244037	5.091152	-1.898243	4.51125	5.696503	-1.566867	5.219769	-0.993652
909249	NA	3.625188	2.02698	0.324051	-0.427331	1.443734	3.986974	-3.452069	2.392822	1.846509
909250	-0.447455	NA	2.927339	NA	1.448398	NA	NA	NA	NA	NA
909251	-5.035286	4.008347	NA	1.624779	-0.345502	2.92078	3.062903	-4.417958	2.324922	1.838486
909252	-4.307305	3.19545	1.090562	0.823396	NA	3.332177	3.124712	-2.115048	1.852318	3.418649
909253	-3.798669	4.429238	0.77883	0.641971	-1.045981	3.709006	4.986165	-3.353486	2.995446	1.77702
909255	-3.836096	3.334211	1.358834	0.214755	0.228971	2.280617	2.861879	-4.564248	1.944066	1.847219
909257	-4.030601	3.188337	0.37549	0.606248	0.736816	4.985924	3.174699	-1.843625	3.233366	2.656784
909260	-4.327046	4.984616	1.066921	0.930709	1.477109	3.664148	3.535655	-3.956623	2.455832	2.536465
909262	-4.687502	3.764003	1.200606	3.722885	-0.090783	3.39161	3.805676	-4.564941	4.25014	3.150894
909264	-0.660889	5.492903	2.126293	0.542573	-0.4151	2.637138	5.293195	-2.820592	2.610544	1.61553
909696	-4.267182	4.32346	1.369246	0.387296	0.712287	2.177844	3.866523	-2.613103	2.205425	3.321715
909697	-4.302873	3.567087	2.013882	2.024547	0.495923	4.153898	4.064338	-3.615818	3.321051	2.606845
909699	-0.141942	7.735376	0.398242	2.433387	-0.151765	7.014908	0.856751	1.9032	3.854923	3.248147
909701	-4.938467	1.028227	0.431386	-0.801795	-0.789128	3.266276	1.803218	-4.137061	1.690747	1.938795
909702	-5.308849	2.998949	0.533516	-1.332457	0.878048	2.245371	2.95759	-4.006715	1.399807	1.372307
909703	NA	2.635983	1.20175	1.277761	1.083896	1.962152	4.498856	-1.62842	2.167214	4.021662
909704	-0.859388	NA	2.310117	NA	-0.788902	NA	NA	NA	NA	NA
909707	-2.897408	5.085223	NA	0.716752	2.188756	2.152923	4.713184	-2.425488	2.589677	4.632855
909708	-4.799467	3.157679	0.292192	1.053069	NA	2.771197	2.124008	-3.859971	2.464654	-0.540997
909709	-0.594718	4.583787	-0.359953	0.922024	-1.151639	3.058283	0.744362	-3.426834	2.400347	1.389061
909713	-2.065461	4.431656	2.456232	4.923243	-4.167648	5.183865	5.388227	-2.004992	4.996382	-1.804711
909716	-1.662694	4.878522	1.397747	-0.282393	0.987479	1.344637	3.747492	-2.112288	2.212973	3.900687
909717	-2.781912	3.950082	1.58375	1.597924	-0.36284	3.993005	4.943953	-3.191229	3.206607	1.949779
909719	-2.06362	4.87374	2.894206	5.030686	0.599542	4.690507	5.162956	-1.645452	5.026677	3.194675
909720	-3.815215	4.502127	2.672322	1.957941	1.198868	4.4455	4.863186	-3.715285	4.915885	1.780285
909721	-3.25748	6.746886	4.613885	4.304006	-0.848827	5.198667	5.175959	-0.443021	5.461728	2.293049
909722	NA	1.489258	1.005641	1.295768	-4.454066	1.637359	3.789438	-4.132629	3.424896	-1.877406
909723	-1.360977	NA	3.514134	NA	-3.29331	NA	NA	NA	NA	NA
909725	-2.96794	5.835807	NA	2.616174	-1.370734	5.692144	5.393748	-3.720776	4.844055	1.813172
909728	-2.863123	7.038605	0.680979	2.433284	NA	5.139241	2.456895	-2.860625	4.96873	2.169388
909729	-0.967639	7.040748	2.228827	1.93805	2.526293	3.515661	5.550385	-3.923188	2.542459	3.824996
909731	-4.720396	3.253336	2.22421	1.480252	0.247931	2.104598	4.145788	-2.941807	3.3796	3.476368
909732	-3.332248	4.381907	2.169003	2.145442	1.219791	4.535619	5.097835	-3.251204	3.365732	3.884787
909735	-1.811575	4.52286	1.400795	1.647121	1.156356	4.462921	2.467284	-2.193668	3.349999	2.733942
909736	1.729927	5.89296	2.247265	1.667577	0.017378	1.943315	5.854539	1.261331	2.505157	1.60237
909737	-1.914554	4.136605	1.990983	2.311436	1.540247	4.166627	4.46703	-3.674211	3.011492	2.752712
909738	0.600121	5.664506	2.016491	3.32228	0.971081	4.006844	3.189554	-1.211544	4.501947	4.396776
909743	-4.73357	3.740041	1.337196	1.114474	1.458966	3.736072	3.519093	-3.111911	1.912983	3.743605
909744	-4.543639	5.42397	-1.796016	2.335943	-0.828396	2.247368	-0.61612	-3.835559	2.701255	1.362936
909745	-1.5951	5.332841	2.754949	1.577951	2.371263	5.118182	3.558349	-2.952823	4.488974	4.868001
909746	-0.260577	6.256017	1.773785	3.919992	-1.208448	4.688589	2.058512	-0.749099	4.2487	1.616718
909749	-0.540361	5.602832	2.43623	2.987288	0.459969	4.105501	3.91304	-1.771317	4.5455	2.606179
909750	-3.945857	4.622061	2.082771	0.942066	1.429344	4.086027	3.896322	-4.977015	3.735829	3.640417
909753	-0.608	4.974312	3.248505	3.723829	-1.409052	4.542583	5.752084	0.161672	4.56899	0.365452
909754	1.948338	6.958466	3.537375	2.111047	2.732336	6.282055	6.499569	-1.933253	5.030441	3.621523
909756	NA	3.899463	3.429629	2.440638	1.267175	3.975101	3.792939	-2.48347	3.766647	3.732995
909759	-4.013152	NA	1.941344	NA	-0.610535	NA	NA	NA	NA	NA
909769	-1.001839	7.076529	NA	2.445568	1.501377	5.436244	2.24548	0.888799	5.029412	3.879774
909770	-2.441686	3.387617	1.471646	2.21314	NA	3.568912	5.135408	-0.889569	2.926212	0.314582
909773	-3.466118	1.847808	2.200839	0.093116	0.24332	2.514782	3.981973	-2.800524	3.265633	2.805967
909774	-3.611969	5.633963	2.616018	3.472839	-0.964976	6.064601	6.574551	-1.594737	5.289276	1.81988
909776	NA	5.058732	3.158106	3.769529	3.070272	3.722403	5.451071	-3.01441	4.253171	1.503941
909777	-3.222282	NA	0.814469	NA	0.490663	NA	NA	NA	NA	NA
909779	0.673478	6.949078	NA	5.474187	2.391411	4.302895	4.491069	3.313237	5.622143	4.530965
909780	-4.608755	3.559024	3.042369	2.652692	NA	4.359303	5.027341	-3.41879	4.980976	1.748565
909781	1.579135	7.666175	5.160946	6.496064	3.61735	6.843659	6.06214	3.462532	7.325546	5.65635
909784	-2.062184	5.549361	2.86439	1.725744	-1.194629	6.351023	5.822924	-3.045864	3.351626	1.51448
909785	-4.556851	1.485704	-0.199724	-3.719256	-0.012845	2.508675	1.405539	-4.61335	1.081946	2.861213
909904	-1.756217	5.638735	2.535585	2.528939	2.613167	3.960661	3.791876	-0.652621	3.073484	3.700658
909905	-1.462977	4.88243	2.042245	0.323799	1.972454	4.836929	3.819494	-3.876623	2.190903	3.038656
909974	-0.795513	7.661224	1.714746	3.497799	0.103292	4.141798	2.613769	4.024303	5.273597	3.388303
909975	NA	7.68458	3.520301	4.244104	2.915345	5.476068	4.848871	0.422166	5.43143	3.945647
909976	-3.229047	NA	1.735724	NA	1.004763	NA	NA	NA	NA	NA
909977	-1.221927	4.663296	NA	2.274263	2.918718	4.903703	5.127104	1.477945	4.8642	5.726283
910079	0.467733	2.856666	-3.377473	0.587146	NA	4.942139	0.057542	-3.05859	2.786776	3.387063
910401	-2.313078	4.691371	0.922963	3.098257	-0.519441	3.779276	3.673926	-3.113804	3.256764	3.133553
910544	-4.218859	2.021339	1.2848	-0.017011	-0.317755	3.246709	2.893736	-4.019966	2.209329	2.417499
910546	-3.132673	1.858421	2.324686	3.240594	-1.776775	3.252638	5.154793	-3.064673	4.529401	-0.886522
910548	-2.945254	6.977839	3.369982	1.719737	2.214766	4.583964	5.048726	-0.535426	2.790667	5.033282
910549	-3.361522	2.924891	0.185194	1.459031	0.29117	3.768596	2.348233	-2.431893	2.262813	0.842451
910568	-2.589776	5.012347	2.778306	2.878975	2.040133	5.278752	4.753063	-2.221121	5.038611	2.893908
910687	-4.589586	0.07437	1.562766	0.11485	0.535823	1.436276	3.844038	-3.183494	1.107216	3.311267
910688	-5.125983	2.400252	1.198387	0.977403	-0.963965	3.20069	3.088447	-4.117271	2.491046	2.284926
910691	-0.72598	5.591856	1.803907	1.206433	2.119365	4.206057	5.436945	-1.540108	2.563861	4.339778
910692	NA	4.985034	2.65271	2.560828	0.017762	1.828689	4.909258	-2.561187	3.355468	2.82857
910694	1.22754	NA	4.701216	NA	2.690183	NA	NA	NA	NA	NA
910695	NA	6.869563	NA	-0.25643	1.12382	2.178297	1.188453	0.92892	1.648267	2.719631
910698	NA	NA	1.143341	NA	NA	NA	NA	NA	NA	NA
910702	2.456639	NA	NA	NA	-0.509155	NA	NA	NA	NA	NA
910703	-2.396688	4.690034	NA	2.154553	NA	3.349732	3.106121	-2.146883	4.098994	3.719568
910705	-5.232356	2.154868	0.87739	1.459008	NA	2.495446	3.366485	-2.731503	2.642531	2.688923
910706	-4.741333	4.319236	1.00905	2.870373	-0.267133	2.931334	3.3125	-3.874568	2.409205	2.76781
910710	-5.123835	1.958652	1.047809	3.432041	-1.048056	2.841932	4.068984	-4.223159	4.12122	1.035631
910779	-1.842245	6.98534	4.778121	4.657665	0.457746	4.397235	5.368075	0.00232	4.900362	3.768491
910780	-2.844717	5.849661	2.192604	2.228091	1.483091	1.80009	4.135861	-2.575603	2.576917	3.234115
910781	0.42113	5.806868	2.061601	-0.303364	1.756022	3.880449	2.777848	-2.666688	1.878377	3.147159
910784	-1.720835	5.542559	2.348975	2.810783	1.405106	3.971835	4.552537	-1.593387	4.64529	3.082408
910849	-3.42435	5.90048	2.298482	3.36437	2.135204	3.455232	3.884894	-2.944678	4.413752	4.73817
910850	NA	6.296804	4.681654	5.158711	0.435577	4.495101	4.985165	-3.45582	5.519133	2.8676
910851	-1.361741	NA	3.590769	NA	0.247006	NA	NA	NA	NA	NA
910853	-1.397941	5.903409	NA	2.210714	0.894456	3.342787	1.119696	-1.662178	4.934987	4.468449
910900	-3.985139	4.25223	2.901099	3.518185	NA	3.727062	3.477329	-1.760471	4.283244	4.019844
910903	-3.926533	3.803712	2.00497	1.181616	0.062364	3.613144	3.770424	-4.349051	3.216415	2.13008
910904	-2.203023	5.57068	1.838979	0.645385	0.056647	4.189267	3.025151	-2.685973	2.509808	2.596145
910906	-3.65084	3.55631	0.63024	2.612138	-0.848458	3.748391	3.17205	-2.791584	3.712273	2.022176
910907	-0.811421	6.486195	3.656782	3.588356	0.307108	5.171007	4.699367	-2.731266	5.999916	2.973171
910910	-2.695748	3.027332	1.384646	0.872107	2.648466	7.082666	1.224651	-2.750836	2.507278	5.520152
910911	-2.885609	5.824609	0.224377	0.563781	0.59722	4.779058	0.48156	-2.76321	3.743199	2.802716
910915	2.557426	8.045047	1.76454	2.630386	-1.841831	4.010209	3.0984	-1.593446	4.319154	2.013575
910916	-3.960514	2.27737	-1.732257	0.909321	-0.422304	4.394201	-0.400859	-3.309261	3.155653	1.839782
910919	NA	2.125398	0.848034	1.304683	-0.666274	2.066671	3.155088	-4.665175	2.20379	1.981167
910920	-2.018433	NA	1.424674	NA	0.803306	NA	NA	NA	NA	NA
910921	-2.864103	4.053363	NA	1.569251	-2.167806	4.762975	5.01512	-2.028988	3.884018	0.69328
910922	-2.139694	3.317243	0.839724	2.767655	NA	4.779037	1.82298	-1.521707	3.764075	2.909346
910924	-3.276945	2.168003	0.652471	-0.320857	0.04408	3.719157	2.738978	-1.797417	2.034585	1.532113
910926	-4.359769	3.920865	1.73032	0.872669	-1.597216	3.318298	3.24285	-3.252699	2.169726	-0.311531
910930	-5.36315	0.043392	1.491349	3.292588	0.10066	3.124821	3.562267	-3.446175	3.830748	1.529738
910932	-1.59026	4.451983	2.107595	2.524703	-1.890888	4.334325	4.3014	0.459802	4.814854	0.413633
910933	-4.393419	4.791742	2.54638	3.747058	-1.784238	3.57484	5.088678	-3.863616	4.113645	0.839789
910934	-4.339042	1.675686	1.047715	-1.659894	-1.589154	-0.32727	3.473519	-4.083337	0.201438	-1.521193
910935	-5.542232	-0.584016	0.515512	2.986711	-1.237774	2.652074	3.300996	-4.365861	2.617894	2.064246
910936	-2.664041	5.663023	-1.707964	-2.774328	-2.970613	1.171216	-1.367707	-4.543448	0.228074	-0.143123
910937	-4.713951	3.724606	1.219793	1.464173	0.825348	3.140204	4.373187	-2.023984	3.538514	4.563542
910941	-3.817771	3.24199	1.790106	2.71645	1.32574	2.80665	5.215175	0.536583	4.125893	3.795131
910942	-4.182789	2.473252	1.833159	1.902742	-0.110608	2.349663	3.990013	-3.726035	2.538254	1.844764
910943	0.014211	7.269407	3.132273	2.606528	2.269536	5.535825	4.289502	-1.44025	4.679509	3.470929
910944	-4.704681	1.144715	0.311778	1.25258	-0.593628	1.868394	3.12253	-3.605096	2.132552	2.150726
910947	-4.906375	0.556843	1.521535	2.634387	-5.727319	2.966787	3.541526	-4.680953	2.633467	-2.952911
910951	NA	3.005044	1.307074	3.404002	-0.932864	2.650703	2.369519	-4.217868	2.333985	0.971652
910952	-3.557146	NA	-0.680052	NA	0.216178	NA	NA	NA	NA	NA
911905	0.796873	7.514007	NA	3.200621	1.380035	3.98297	4.850357	0.90837	6.04762	3.237233
924100	-3.142631	2.478859	2.433064	0.972964	NA	3.306754	5.56816	-2.131591	2.077915	2.896209
924102	-2.979316	6.114016	2.184346	5.238681	0.065968	5.419545	6.131767	-2.74768	6.218958	1.487869
924104	-2.454797	5.963042	2.009187	4.422106	0.496352	3.799622	4.894136	-2.180883	5.027541	2.526151
924105	-3.865278	3.846313	-1.403651	-1.202055	-2.590783	2.90935	-1.011404	-4.022599	1.078385	-0.351951
924107	-4.057077	3.115194	-3.356931	-2.388364	-3.133842	2.507357	-2.115179	-4.386123	0.309206	-0.463416
924110	-2.776792	4.086585	1.369608	3.075517	1.692211	4.79908	5.315	-2.704199	4.985735	4.211293
924111	NA	1.642836	0.309471	0.308154	-1.267309	3.9912	1.341918	-3.33936	2.318481	1.186677
924151	-1.285001	NA	3.492295	NA	-1.848421	NA	NA	NA	NA	NA
924186	-4.209384	2.897829	NA	1.93955	0.446384	3.917303	3.974412	-3.517393	2.769457	3.41807
924187	1.086801	7.080375	1.89112	2.508555	NA	4.972842	3.26464	0.205471	5.595082	4.307022
924238	-2.508788	2.628946	2.800145	0.137567	-2.863913	4.341272	4.117462	-4.475485	1.643677	0.549011
924239	-1.155349	3.886483	1.676721	0.579554	0.966691	1.161914	3.727799	-3.836042	1.621495	3.948574
924241	1.576814	8.428598	4.543692	0.443161	4.284302	6.344866	7.140371	-1.52822	4.368557	5.863836
924244	-1.579555	4.427575	-0.97483	0.412128	-0.302787	3.052436	1.259986	-2.729311	2.433574	2.404925
924250	NA	8.184129	2.075366	4.871048	2.156263	6.097282	3.212543	1.876323	4.903019	NA
925340	-2.556872	NA	2.280425	NA	-0.410593	NA	NA	NA	NA	0.014682
925341	-2.456042	3.860915	NA	5.348393	2.141958	4.086898	4.960373	0.901563	4.919995	NA
925343	-2.441699	6.423733	3.586364	3.708071	NA	3.989636	5.766176	-3.354685	4.382482	3.373533
925345	NA	6.124761	0.915343	1.509439	1.670196	2.119785	3.320246	-2.926581	2.053135	2.505421
925346	NA	NA	1.640546	NA	0.0067	NA	NA	NA	NA	1.628191
925347	2.230087	NA	NA	NA	1.318116	NA	NA	NA	NA	NA
925348	-1.674982	6.439444	NA	1.381066	NA	3.464246	4.503291	-0.507897	4.486522	NA
930082	-0.802766	4.132419	1.621737	3.104825	NA	4.326932	3.857282	0.972561	5.164596	1.78842
930083	NA	8.948009	5.65024	4.462785	5.098852	6.634549	6.910508	2.602266	6.967678	6.266649
930297	0.618098	NA	3.466583	NA	2.481476	NA	NA	NA	NA	4.540393
930298	-1.880913	5.156559	NA	1.771526	0.367344	5.009642	2.032545	-2.733163	3.041794	NA
930299	0.600664	6.640606	5.218017	4.376196	NA	2.497819	3.933997	0.587253	6.333877	3.990658
946353	-1.819749	6.238878	2.091655	1.675277	1.23481	3.488638	3.679745	-3.200636	3.079946	3.696666
946355	0.756867	4.388587	-2.432259	-1.228882	1.402084	3.871176	0.970395	-2.113518	1.65978	2.5669
946356	2.117589	7.842423	-0.193324	1.077315	2.603779	4.749828	0.793045	-0.753157	3.39954	3.798729
946357	-4.430529	3.992036	1.546277	2.485872	-0.341026	2.415021	4.434547	-3.090031	4.653961	1.439509
946358	-4.794935	0.759572	1.746264	0.800917	-0.237878	4.499799	4.061342	-3.853447	2.12392	3.410536
946360	-2.225776	7.703098	2.754354	4.824094	1.422614	4.97155	5.330354	1.980765	5.220397	4.458575
946361	-2.006454	4.064836	1.700993	1.904338	-1.235737	2.575829	5.079129	-1.636854	2.391797	0.777498
946368	-2.236309	3.648854	2.994719	2.856772	1.169548	4.091699	4.725981	-1.611441	5.379953	3.477409
946370	-1.89255	5.426023	3.049257	3.054877	0.060777	3.83292	4.716829	-2.585775	4.090783	2.998887
949090	-2.803711	5.384937	1.774901	3.041201	-1.283943	4.881516	4.401472	1.533474	3.351121	-0.582542
949094	-3.64519	4.381504	2.115755	2.650685	1.658307	4.528899	3.965542	-4.034615	4.327875	2.759055
949153	-4.924644	3.093972	0.935511	-2.442784	-0.987839	2.270083	3.146599	-3.633849	1.355293	2.26421
949155	-5.227331	3.182488	1.193291	0.10975	0.827995	0.920193	3.698751	-3.639379	2.2234	2.592405
949156	NA	3.369415	1.738487	2.118043	2.818269	4.348377	3.71317	-3.388041	4.464422	5.003693
949157	-1.143252	NA	1.799798	NA	2.63579	NA	NA	NA	NA	5.747614
949158	-4.633459	1.082356	NA	-0.465532	1.309738	0.029411	4.832712	-4.055649	1.293526	NA
949160	-4.2944	3.508241	1.542482	-1.412012	NA	1.620623	2.74947	-4.075113	0.960761	3.926725
949161	-5.376965	2.910484	1.446911	0.02788	2.195003	0.826299	4.927387	-1.648514	1.468037	3.915575
949163	-4.616095	4.07287	1.601224	0.441683	0.654876	1.03645	4.241458	-3.234815	1.766158	3.034976
949164	-1.75482	4.551458	0.872979	0.70858	1.060479	0.986706	3.639506	-2.292604	2.074252	3.349523
949165	NA	4.457952	1.320014	2.009262	1.842173	1.548678	3.67884	-1.915003	2.732265	3.914735
949166	-3.776789	NA	3.332497	NA	2.506349	NA	NA	NA	NA	5.034395
949167	-5.291886	4.104432	NA	0.769896	1.18183	1.721212	4.766047	-2.772257	1.903774	NA
949168	NA	7.311043	2.192666	0.201076	NA	2.495843	5.02712	-2.243407	2.38148	5.657045
949171	-4.837187	NA	2.264127	NA	-1.394588	NA	NA	NA	NA	1.61021
949172	-2.445108	5.813874	NA	-1.188618	1.76997	0.453717	4.936135	-1.538831	0.074107	NA
949174	NA	5.864964	2.536122	4.14828	NA	3.408982	4.341266	-1.60097	5.334667	4.774632
949177	-4.038658	NA	1.032849	NA	0.780505	NA	NA	NA	NA	3.567913
949178	-4.470298	3.177966	NA	3.009652	-0.186285	3.139139	4.337614	-1.372172	3.995597	NA
949179	-2.535995	6.949209	1.790947	0.00657	NA	3.414618	3.709564	-0.653411	2.715246	4.90025
971773	-4.782128	3.065702	1.624024	1.673219	0.804564	1.896388	4.582957	-2.743037	3.650256	3.18181
998184	-4.444861	3.713686	0.888558	0.338395	1.120339	3.256019	4.440862	-2.915147	2.143558	3.573797
1240121	-3.840264	3.672239	1.997338	-0.552005	-0.880693	3.839938	3.722672	-3.535315	1.793428	1.28342
1240122	-1.481129	5.0769	2.744397	2.11608	1.246461	3.336661	3.297001	-0.535449	4.055728	2.602542
1240127	1.460638	6.311057	2.605265	1.170045	2.181029	4.583841	5.664199	0.356079	3.048444	3.549817
1240128	-3.639373	4.757726	1.733426	3.871701	-0.906607	5.892964	6.016327	-2.59608	5.479589	0.885583
1240129	1.994484	7.104364	2.663762	2.330956	0.982776	3.876746	3.776019	-0.874046	4.68513	2.700783
1240130	-3.366817	3.122673	1.925708	2.803639	-5.040157	3.507933	4.16042	-2.164687	2.798822	-1.452764
1240131	0.384146	8.58086	3.949517	6.453106	2.354388	5.903872	6.918009	-0.120058	6.549292	5.706056
1240132	-0.305935	7.849191	3.684608	4.244605	3.297608	5.114351	6.516688	0.66788	6.456423	5.305593
1240134	-1.004998	5.270654	2.189418	2.113698	1.535899	2.897191	4.702322	-1.740427	3.196723	3.520679
1240135	NA	4.680522	2.798633	3.382443	-0.093967	3.593174	5.514277	-1.878623	5.371866	2.500362
1240136	-3.371369	NA	3.86649	NA	2.631287	NA	NA	NA	NA	5.003066
1240137	-3.538786	4.475181	NA	2.631911	1.5379	3.51039	4.047192	-0.784454	4.159632	NA
1240138	1.976381	6.563611	4.327257	3.407329	NA	4.273704	4.386039	-2.964252	5.048766	3.80052
1240140	NA	3.321653	-0.759309	-0.996684	-1.70178	4.093301	0.648779	-2.805716	1.114526	0.148769
1240141	-0.665264	NA	1.132289	NA	2.212675	NA	NA	NA	NA	3.555354
1240142	NA	3.189174	NA	0.253932	0.423479	1.857695	2.033329	-3.897487	2.02825	NA
1240143	-1.064627	NA	2.942393	NA	NA	NA	NA	NA	NA	2.83433
1240144	-3.501132	2.753069	NA	1.101438	-0.398522	3.026782	2.050649	-2.421857	2.164984	NA
1240145	-2.09719	3.268914	1.816952	0.696552	NA	3.094894	3.971134	-3.702675	2.770231	0.482585
1240146	-0.60842	5.562045	-2.411906	2.448197	-0.484209	4.772032	NA	-1.186005	4.220316	1.493099
1240147	NA	3.514802	3.037086	1.600248	-1.675116	3.404034	3.521939	-4.174909	2.156653	-1.97014
1240149	-4.342117	NA	1.499261	NA	-0.945539	NA	3.468342	NA	NA	0.826279
1240151	-0.56608	7.049554	NA	3.240503	0.347942	5.13815	NA	-2.672636	5.345708	NA
1240153	-3.347173	5.04818	2.905435	1.540187	NA	3.95577	5.048853	-0.377675	4.374434	-0.807359
1240154	-4.768083	2.370231	2.079097	3.826196	-2.054275	3.018648	4.148687	-3.965991	4.899681	0.153123
1240155	-0.91044	3.928921	2.134321	0.908631	0.195433	3.895703	3.669498	-1.506851	1.90324	2.517432
1240157	-1.261201	6.671757	1.829791	1.590313	0.715691	4.944539	3.519663	1.076954	4.326108	2.056284
1240158	-3.111783	7.543911	2.3739	3.929374	1.903035	3.835965	4.272373	3.067445	5.938015	2.782836
1240159	-0.931896	7.359777	3.548583	2.757061	0.196565	3.826376	5.433948	-1.365554	3.373157	2.376621
1240160	NA	6.341524	4.182458	3.623154	1.527953	4.808988	6.240249	-1.643177	4.578374	3.18399
1240162	-2.65046	NA	-2.215752	NA	-1.484931	NA	-0.857396	NA	NA	1.751498
1240166	NA	3.629738	NA	1.962772	0.869031	3.27339	NA	-3.327352	3.130193	NA
1240167	-3.971804	NA	0.355241	NA	NA	NA	1.341045	NA	NA	0.945132
1240168	-1.93027	4.550429	NA	2.365159	1.640216	3.732959	NA	-3.482657	4.660833	NA
1240169	0.48759	7.50216	2.894418	5.365225	NA	4.094219	3.086683	-1.956772	4.826288	3.251467
1240170	-1.564607	NA	2.6927	NA	1.039444	NA	NA	NA	NA	NA
1240174	-1.465849	5.000137	1.93197	2.484089	0.645721	4.450252	3.563329	-2.261465	4.610322	2.865494
1240179	-2.82282	6.588398	2.49853	3.796532	1.491522	4.082966	4.005955	-0.865785	4.769754	4.181804
1240181	-3.010637	4.777413	1.13035	-0.07239	-2.255278	1.051747	2.402145	-3.437864	1.65099	-1.546998
1240183	0.107593	6.155104	1.170383	2.578349	0.501155	5.127623	2.456632	-0.016831	4.500667	3.308355
1240184	-1.342244	5.871752	2.1068	5.995336	-0.15827	6.028409	4.457278	-4.055323	5.015411	0.910962
1240185	-2.512065	3.527473	2.504531	1.543459	-0.02903	4.416491	3.223194	-2.189855	3.486135	1.806505
1240186	1.614246	3.384323	3.211029	3.816251	2.966201	5.449994	5.734682	1.060564	5.548623	5.967065
1240187	-3.632207	2.35101	1.843774	0.928161	-0.138479	4.781536	4.161097	-2.9512	2.421673	2.204234
1240189	-3.197862	4.551254	1.223723	3.400514	-0.12791	2.177688	4.011349	-3.160938	3.543097	2.8534
1240190	-2.989968	3.998874	2.292302	0.325787	-0.727086	4.173095	6.111519	-3.205155	2.399586	0.066022
1240192	-0.828403	6.167154	2.107179	3.007943	2.316666	3.891718	4.486839	-2.013007	4.380843	4.441397
1240193	NA	4.641683	1.100426	0.843684	1.34813	1.922977	4.402382	-2.638017	2.076858	4.139643
1240196	-2.770137	4.983794	2.081384	2.294085	2.014603	4.399415	3.171344	-2.680694	4.648967	3.704615
1240197	-1.552601	NA	NA	NA	-2.096842	NA	5.525435	NA	NA	-0.201539
1240198	1.48518	6.800123	1.571692	0.647508	NA	3.825949	NA	-2.263319	2.447879	NA
1240199	NA	9.379874	2.983873	3.929872	3.025217	6.123594	4.898191	0.890346	5.858032	4.636751
1240200	0.691323	5.42813	-2.340789	0.389901	0.148907	3.899786	-0.279203	-0.572764	3.000388	1.548487
1240201	NA	NA	NA	NA	-0.425416	NA	4.463068	NA	NA	1.749908
1240202	-2.877714	8.226315	-2.670006	3.438029	NA	5.402838	NA	-2.442621	4.43571	NA
1240208	-3.009924	NA	NA	NA	-1.491699	NA	4.626381	NA	NA	0.454657
1240209	-1.673625	6.968131	1.746373	0.745871	NA	1.916755	NA	-3.201012	2.742093	NA
1240210	-1.991339	6.212137	1.311439	-1.928014	1.288466	0.43804	3.721451	-3.205546	0.78007	2.630656
1240212	-2.665407	3.913136	2.927363	4.44902	2.743274	4.505982	5.97958	0.586388	5.559074	5.25753
1240215	-1.388206	5.073351	2.674895	2.111542	2.110284	5.120952	4.461076	-1.876466	4.395261	4.178444
1240216	-1.829168	7.117875	2.542778	3.603994	1.027939	4.869187	4.718071	-0.211285	4.690428	3.51568
1240217	-1.820635	5.492482	2.004643	5.178231	0.929148	3.56412	4.957899	-2.171921	5.652241	2.258077
1240218	2.435656	8.951813	4.460351	5.154807	0.45846	7.078272	3.767883	1.630308	5.73665	3.023665
1240219	-2.251948	5.784224	4.347045	7.484757	1.190955	5.973944	6.601568	3.319627	7.041276	2.761325
1240221	-4.517578	4.199643	2.129013	1.858869	1.09534	1.675548	4.749334	-3.448526	3.128747	3.723513
1240222	-1.840369	3.235128	0.725472	2.607601	0.119494	5.615009	2.768844	-3.700367	4.872636	1.56111
1240223	-0.701431	8.608226	3.676748	7.049713	-0.146876	6.962314	7.112737	-0.658759	7.223554	1.683727
1240226	-1.986621	7.829384	2.951943	4.788626	-2.400101	4.861175	5.72321	-3.57327	5.468248	0.199331
1247871	-5.173704	2.205286	1.871938	3.475764	-1.128451	4.297209	4.219167	-2.979654	4.238893	1.763413
1247873	-1.578331	6.456989	-4.001855	1.884041	1.015175	4.191727	-2.323906	-0.668309	4.507079	3.15552
1290455	-3.638722	1.237588	0.954069	-0.212986	-4.760291	2.797062	3.837263	-3.434045	2.049463	-2.36148
1290722	-2.818393	5.570714	2.786321	1.62281	-0.467062	4.480771	4.80399	-3.676168	3.820496	1.577266
1290724	-1.783142	5.638531	2.364218	0.181712	0.937301	4.235838	3.764915	-3.629716	2.472207	3.188813
1290730	NA	6.360438	0.886374	-1.850697	-0.106515	5.622447	1.750833	-0.833923	0.709364	2.026507
1290765	-2.605106	3.871602	1.843657	3.227464	1.568003	3.58215	4.916085	-3.774478	3.199198	3.360996
1290795	-2.475644	NA	NA	NA	1.441411	NA	4.66471	NA	NA	2.452504
1290797	-2.004282	3.600973	0.866421	0.341561	NA	3.506525	NA	-2.869258	1.937727	NA
1290806	-1.724271	3.60425	3.051885	0.524122	0.867864	3.057077	5.217083	-2.509453	1.087181	3.196233
1290807	0.831452	7.391245	2.782532	0.439904	3.384412	2.53491	4.959036	-2.433951	2.177546	4.776035
1290808	0.956656	6.005118	3.410427	5.32534	3.147688	4.120402	5.604501	-2.803033	4.639516	4.507426
1290809	-2.564818	6.729679	2.508585	1.811986	0.754732	2.483673	6.732912	-2.68724	3.934089	1.910452
1290810	-2.307479	5.449488	2.817821	2.391625	0.075963	4.084198	5.534112	-0.990487	4.110155	2.668353
1290812	NA	7.572734	4.89588	7.296065	4.430439	5.106887	6.212939	-0.106214	7.141068	4.318898
1290813	-3.75982	2.163444	1.487231	1.775482	-0.9543	2.71322	3.705356	-4.224158	2.017406	-0.779681
1290814	-1.159551	NA	NA	NA	2.139138	NA	4.673413	NA	NA	3.604998
1290908	-4.825273	3.506925	0.863882	0.499172	NA	4.182948	NA	-1.089397	2.731965	NA
1295740	-4.352754	4.754388	0.903388	2.46033	0.996861	2.245007	3.706744	-3.581102	3.146338	3.434755
1295741	-3.93655	2.04121	0.957508	0.464661	-1.487277	1.059068	3.959046	-5.00656	1.377309	1.555661
1297439	-3.81717	NA	1.078431	NA	1.246852	NA	NA	NA	NA	NA
1297446	-4.613301	4.208791	0.973967	3.21285	-0.214349	3.151346	4.213052	-3.350453	3.716207	2.094506
1297447	-2.586286	4.685122	1.88268	2.317023	0.4266	2.080717	4.646204	-1.823677	2.885891	4.669272
1297449	-3.585089	3.101875	0.914907	-0.897536	-0.713107	3.973564	2.257433	-3.800218	2.859996	2.694928
1298134	-0.819406	4.757993	3.504573	3.62586	0.954322	3.279264	4.310228	-0.567357	4.161109	3.423879
1298136	0.918814	7.363205	2.882792	2.477752	1.258747	3.731317	4.360551	3.511656	6.072971	0.974572
1298141	1.544188	7.186618	4.081201	3.938381	-1.054366	6.240731	4.883685	1.435841	5.327537	1.609975
1298146	-1.004498	6.373681	2.990538	3.620741	1.832889	2.722129	5.400661	0.170334	3.664092	3.892951
1298151	-0.401991	6.74726	2.302956	3.381448	0.048312	4.581114	2.574861	0.181619	4.061928	1.54406
1298168	-1.212883	6.829715	2.816321	2.504364	1.518039	5.766774	3.916024	-1.365687	5.084169	3.971896
1298169	-3.027463	4.947437	1.758886	3.538359	1.434077	4.43886	4.046442	0.513304	4.657058	4.533223
1298216	-2.082622	4.570796	2.149027	2.990749	2.255253	3.784771	4.17037	-2.255788	5.295881	5.281663
1298218	0.639102	6.615755	2.592621	2.552322	-0.919204	4.285841	4.596962	1.717857	4.775388	2.012503
1298219	2.58334	4.886346	3.291924	4.673854	2.85269	4.07005	5.153307	-0.445721	5.644029	5.637435
1298222	0.619929	6.939229	1.997551	2.917374	1.128659	3.515711	2.870017	-1.434036	4.372928	3.434124
1298223	-0.277534	6.996734	1.654318	1.589551	1.67496	4.503498	2.218995	1.375146	3.210285	4.417496
1298226	-3.180136	4.049246	0.438824	2.349357	0.86535	3.839577	2.080477	-1.263005	2.920936	2.619817
1298347	-0.68716	6.134066	1.948267	2.965908	1.099349	4.579576	4.85408	2.698668	4.120723	3.723514
1298348	-0.785552	6.071058	0.47483	3.93453	0.396737	5.511388	0.665557	1.263055	5.42951	2.119973
1298349	-0.161663	6.271885	2.064028	3.089756	1.484633	2.652881	4.660205	1.128796	3.103296	4.137164
1298350	-3.78847	6.818651	-1.792715	1.724526	1.309733	4.053045	1.337327	-2.079382	4.66999	2.90469
1298352	0.297096	8.789866	7.281394	7.491605	-2.162845	8.747069	8.241155	1.975046	8.236707	1.064092
1298357	-0.118117	7.633137	0.775173	3.490193	-0.666704	8.122645	2.575612	1.760232	4.729376	0.527145
1298358	-2.799064	3.640007	3.874614	2.188709	-4.79015	2.874677	5.604115	-3.559497	3.41738	-2.628426
1298359	NA	4.419199	0.052442	1.140776	0.399636	4.068761	1.023502	-1.647929	3.824196	1.803774
1298365	NA	4.693084	1.129451	1.579956	2.311894	3.188769	1.613429	-1.098969	3.679685	4.421329
1298475	-2.360202	4.0823	NA	1.037275	-1.781848	3.442253	2.428568	-2.399048	3.177275	-0.285876
1298476	-0.088913	NA	NA	NA	NA	NA	3.858365	NA	NA	1.588657
1298526	-0.913501	NA	3.532609	NA	NA	NA	NA	NA	NA	NA
1298529	-1.922629	4.93799	1.919197	3.042003	1.777721	3.821787	NA	-3.389378	3.990089	NA
1298531	-3.438148	2.792132	-0.749356	1.451441	-0.857846	4.338524	0.35475	-3.244932	2.641426	1.32621
1298533	-2.605018	5.292896	3.096999	1.722536	-0.430597	3.995866	3.625156	-1.741471	3.373599	0.861721
1298534	-0.534857	7.872558	3.60469	5.447714	-1.35022	6.549502	6.662165	0.994636	6.320235	4.164896
1298537	0.214295	6.470157	1.758796	2.88778	2.167535	3.949766	3.577993	-0.182059	3.278461	2.47635
1298538	NA	3.958777	-0.343643	-0.892667	-0.093686	4.712481	0.159879	0.798232	1.603956	0.984771
1298539	-0.483348	7.044987	4.523946	3.612999	0.188206	4.821038	5.540538	-0.543438	5.338608	2.193062
1299050	1.063621	5.446422	NA	-0.879537	-1.104251	2.665235	-0.273988	-2.577281	2.232955	2.022352
1299052	-0.403515	NA	0.159671	NA	NA	NA	-0.596748	NA	NA	-0.977244
1299059	NA	4.8077	1.792788	3.211245	0.439124	3.650222	NA	-2.960606	4.95337	NA
1299062	-2.393159	6.071094	2.867516	4.40032	-0.832967	4.686037	5.738523	-1.527418	4.803504	1.476132
1299064	-2.526883	3.917441	NA	-0.441279	-0.277051	3.523482	1.117591	-3.746151	1.689451	1.729911
1299070	-3.919779	NA	2.184191	NA	NA	NA	4.570512	NA	NA	2.1714
1299075	-1.994642	6.098524	3.019935	1.422888	2.172868	0.927585	NA	-1.025826	3.329248	NA
1299078	-1.862984	3.712488	1.840587	1.770074	-1.063559	3.21663	3.901105	-3.021754	2.942139	1.632512
1299080	-1.19725	5.625039	NA	2.87861	-2.861518	3.061279	5.08103	-4.035284	3.850558	-1.886997
1299081	-2.832114	3.322146	1.741272	2.052173	-1.169578	4.428198	4.650266	-4.329671	4.327835	1.61691
1303896	-3.310458	3.615309	0.81737	-1.559085	0.085678	2.969467	2.487198	-4.243109	1.590162	3.096493
1303897	-4.506139	2.550261	3.742664	5.175677	1.867189	5.146965	5.991933	-1.655632	5.721869	4.839504
1303912	-0.590972	4.945817	1.886753	0.659336	0.292541	4.677192	3.064067	1.253783	3.210455	3.789447
1322212	-4.159012	5.641513	1.13137	-0.295913	0.575765	0.354313	4.443313	-3.991798	1.835167	3.16307
1322218	-4.464557	1.370868	1.753495	1.687981	0.617084	3.717725	5.000121	-3.218466	3.381999	3.01589
1322224	-4.655161	2.224149	0.853065	-1.49837	-0.179085	1.93983	2.213023	-4.859521	0.632655	1.403222
1327766	-2.16328	3.997339	1.781526	2.824673	-0.523715	NA	4.232832	-3.033696	3.854652	3.48395
1327769	-4.748306	0.551508	1.496166	2.722385	-2.478579	4.853645	4.317099	-3.654763	3.904329	0.674124
1327771	-4.540906	2.500048	0.645489	2.97794	-3.856672	2.435506	2.288815	-5.112315	3.311281	-1.857125
1327773	-4.259066	3.341502	1.389028	-0.510798	0.491065	3.056547	2.300863	-3.741626	2.028098	2.702862
1327774	-5.397063	3.265008	1.607504	3.42553	-0.057989	2.954633	3.791635	1.001856	3.349735	3.161667
1327775	0.573835	5.685989	1.44276	-0.111327	-1.85145	-0.135448	4.627944	-2.991164	1.416333	1.924677
1330931	-2.731621	3.322036	1.718659	2.816543	-1.284239	2.961405	4.15342	-3.710041	3.107054	1.192333
1330933	-4.890189	2.550932	1.049986	2.710548	-1.482773	2.87597	2.134418	-4.55914	2.593143	1.440254
1330935	-2.660676	3.863256	0.611671	1.840824	0.524813	3.200837	3.514892	-3.948303	2.56561	3.533426
1330942	-2.246174	6.101544	1.232252	5.052917	-0.974572	4.546098	4.998524	1.061355	4.665255	2.066707
1330947	NA	0.123326	NA	NA	NA	NA	NA	NA	NA	NA
1330950	-3.259964	NA	1.373352	-1.748918	-0.513419	-0.219226	4.371156	-3.778103	0.797809	1.319527
1330964	-3.463908	6.756638	2.252833	3.86104	2.301153	6.29029	5.876178	0.254641	4.649813	4.007407
1330972	-6.077601	6.469159	1.663903	2.71894	1.212958	2.411942	5.116476	1.418653	2.445148	2.620833
1330973	2.048421	8.127833	2.754473	1.96038	3.183512	3.956575	5.755244	1.996556	2.881804	5.890889
1330983	-4.190431	2.913431	1.419179	-0.625298	-1.464662	1.96188	3.178557	-2.619723	2.486362	0.840727
1330985	-4.684435	4.036778	1.019122	2.961824	-2.06786	2.995861	3.706929	-3.997581	3.586651	0.691989
1330987	-5.38134	2.659087	0.359157	0.944753	-0.343442	3.257827	2.814134	-3.951622	2.042789	2.896791
1330993	-3.843609	4.420529	1.962553	2.072202	0.58829	3.101741	4.711388	-3.904242	4.226263	2.736271
1330995	-3.324229	3.212511	1.732384	3.015613	1.541481	4.540104	4.09652	-2.750002	4.196675	4.201725
1331032	NA	0.44545	NA	NA	NA	NA	NA	NA	NA	NA
1331033	-3.516721	NA	0.774999	0.710589	-0.421944	3.204689	3.585426	-3.91398	2.865571	2.461367
1331036	-5.140084	2.235866	0.452922	-1.70087	-0.594385	2.937938	2.1635	-4.693	1.860332	2.220657
1331037	-4.014699	3.378583	0.110208	-4.701326	-0.739579	2.753913	1.201173	-4.070258	0.265496	1.884142
1331038	-4.801422	4.901552	1.803509	3.721363	0.133456	2.939876	3.718325	0.337391	3.27133	2.676036
1331039	-4.82898	1.891128	1.787058	1.162085	1.729144	3.279307	4.233448	-2.672327	3.790789	2.728745
1331040	-5.507097	-0.278277	1.667095	3.063983	-0.523881	2.98714	2.889021	-3.563962	3.324777	2.550682
1331045	-3.362328	3.733149	1.632915	4.19554	0.56693	3.369422	4.559178	-0.052793	3.364795	3.551448
1331048	-4.580408	2.341289	0.791583	1.659581	0.477613	2.605205	2.471814	-3.162196	3.386042	2.814343
1331049	-5.139287	2.747068	1.152309	1.081169	0.636677	3.694862	3.924993	-3.400891	3.571289	3.173106
1331050	-4.388804	3.936584	0.845182	-0.242817	0.011703	3.060125	1.944206	-4.239831	2.776785	3.442544
1479987	-3.263647	4.105461	1.149417	1.86231	1.410823	4.783796	2.747375	-3.56729	2.950399	3.567291
1479988	-2.628769	4.099598	2.919657	4.539663	-0.690112	5.104277	5.153079	-2.487036	5.231338	0.433651
1480362	-1.731043	7.882465	5.142402	4.488126	3.141052	5.484688	5.916024	0.241724	6.326376	6.136991
1480364	2.21276	7.149926	-1.817914	-0.560157	0.319166	6.392926	-1.411982	3.812771	2.152388	2.087312
1480371	-3.114284	3.237401	4.588478	1.819012	0.043749	4.177725	5.224966	-1.776851	4.762734	2.107682
1480372	-2.417972	6.7673	2.51212	2.363233	1.029796	4.458502	4.243993	1.683887	3.837638	3.138731
1503361	-1.66711	4.118659	1.428589	2.162807	0.488015	3.346863	3.009219	-3.400768	3.696001	3.076107
1503362	-1.639185	3.673838	1.104481	-1.311502	-0.6098	0.185382	2.225485	-2.586211	0.96049	0.705656
1503363	-2.459083	4.673721	2.572103	1.597343	1.455642	1.549081	2.734035	-1.912346	3.186074	4.035984
1503364	NA	5.067084	NA	NA	NA	NA	NA	NA	NA	NA
1503365	NA	NA	NA	NA	NA	NA	NA	NA	NA	NA
1503366	-2.882568	NA	1.307634	1.915353	2.109732	3.991316	2.272492	-0.824766	3.422567	3.418948
1503367	-2.072459	2.731527	2.713813	2.967012	0.05661	4.197202	5.520297	-1.291703	5.779001	-0.032905
1503368	1.640407	5.118552	-1.445123	1.040772	1.865564	4.132609	-0.121956	-0.716719	2.857139	4.824364
1503370	-2.75555	4.599759	1.239519	1.545468	0.650731	3.096253	2.003252	-3.607182	2.095316	1.25901
1503371	-1.503316	5.917359	-2.976919	0.716715	1.939826	3.473566	-0.393285	-2.365184	3.012679	2.379787
1509073	-0.269928	6.192118	2.280268	4.159016	1.612676	5.092333	3.556844	-2.015945	4.886125	3.195181
1524416	-2.573593	5.254375	2.121816	2.035201	1.823426	5.080989	3.725325	-1.393738	3.839418	4.83579
1659818	-3.780488	3.883207	1.590824	-2.404915	-0.233657	-0.950488	4.05981	-3.718823	0.22835	2.570884
1660035	1.967806	6.20135	2.43419	4.914924	-0.561473	5.777782	3.300706	1.541474	4.990659	1.257409
1290906	NA	5.998151	NA	NA	NA	NA	NA	NA	NA	NA
